644.01
279.99
0.1
0.1
607.98
56.01
0.1
356.01
0.1
630.96
647.97
0.1
0.1
94.98
402.96
522.0
0.1
267.99
0.1
2988.03
3630.03
5733.06
5859.0
7360.02
481.98
175.02
1761.99
3147.0
3342.03
4791.99
5059.02
0.1
2369.01
5638.98
5899.02
1784.01
2026.02
3117.99
6186.03
6520.02
809.01
2014.98
2385.0
4129.02
168.0
425.01
1128.99
2421.99
3261.0
3313.98
0.1
1923.99
2658.0
2915.01
3627.0
6051.0
2283.99
3307.98
6009.96
6079.98
93.0
1917.0
2680.98
4798.02
624.96
1320.0
1389.96
2052.99
2820.96
4915.98
5904.99
7506.99
1908.99
5396.01
5424.0
0.1
318.99
125.97
214.02
1693.02
4787.01
0.1
76.98
2475.21
5312.97
0.1
724.02
1917.0
3231.0
4335.0
5348.01
8656.02
8708.01
0.1
2412.99
2950.98
5803.02
6754.98
511.98
1216.98
1230.99
456.0
2098.02
2690.88
3182.01
3242.01
5415.0
5522.37
6028.02
6684.03
6918.0
0.1
463.02
1627.02
2076.0
2923.02
2688.99
3805.98
6763.98
7837.86
8323.98
8370.0
1746.0
4335.99
5516.01
10956.0
1610.01
626.01
1698.03
2643.03
5052.03
462.0
489.99
1803.99
4317.03
144.99
1746.99
2690.01
4704.96
4734.99
5884.98
6708.99
6918.99
7845.96
7881.99
8201.97
8819.97
0.1
1444.02
2770.02
3238.02
4187.01
2180.01
2528.01
5406.99
7232.01
7799.01
98.01
544.98
1817.01
1885.95
2125.02
3249.03
4778.01
7431.0
7495.02
8454.99
8476.02
9396.99
2242.98
2658.6
3226.98
4065.99
4527.0
4631.01
4787.01
4940.97
6184.98
7267.02
7937.97
1776.63
1808.64
2196.57
4916.61
0.1
3840.0
3889.02
3997.02
5061.99
1802.01
1988.01
5048.01
5159.01
0.1
2531.97
5004.0
5036.97
0.1
1720.98
1884.99
3379.98
902.01
1085.04
1536.0
2312.04
2416.02
813.0
2751.96
5181.0
6898.98
7614.0
8063.01
965.01
4071.0
5257.02
1750.02
1784.01
6176.01
1326.99
3332.97
723.03
1101.99
2619.99
688.02
2056.98
3567.99
4549.98
5533.02
6307.02
623.28
636.03
2389.02
4011.03
7190.01
360.0
1909.02
2231.01
4790.01
6948.0
7075.98
1354.02
1415.04
1907.01
2066.04
3234.99
5268.03
5300.01
6038.97
6707.97
7665.99
7685.97
7685.97
1730.97
2363.97
4489.98
5291.01
2172.99
2442.0
3414.0
6114.0
6802.98
7171.98
7245.99
8101.98
0.1
2400.0
2856.0
3846.0
4938.03
1517.01
4462.02
0.1
1606.98
2808.99
2247.0
7518.99
9706.02
0.1
528.99
1588.98
3765.0
0.1
1159.98
1711.95
2046.96
2718.0
1301.01
1375.02
3133.02
1495.05
2393.07
2437.08
2761.11
5256.09
5857.08
0.1
1331.97
3285.0
3390.99
263.01
1366.98
4811.01
5425.98
226.02
2885.01
2921.97
2975.01
4510.98
4587.99
0.1
1866.06
2159.01
2460.0
2571.0
2772.0
3388.02
4108.02
7343.01
8362.02
8651.04
8670.99
1347.96
2898.96
2990.97
3076.98
2233.98
2606.97
1558.02
2303.01
3563.04
5370.03
1652.97
3399.99
3775.02
4479.99
5196.99
6501.03
8257.89
9444.0
0.1
0.1
2063.04
2223.03
3483.0
4059.03
4117.05
4132.02
2397.99
3563.01
6380.04
6422.01
6680.01
231.99
614.97
1689.99
2942.01
3796.5
591.0
945.0
2749.98
4635.0
2995.98
4132.98
6486.0
7110.0
7573.02
408.99
2142.99
116.01
0.1
1248.99
1451.97
2177.97
540.0
2022.0
2726.97
5047.02
6006.0
45.99
819.99
2354.97
4027.02
4503.99
5236.98
575.01
958.98
1037.97
1068.99
1465.02
2285.01
0.1
2965.95
1506.81
3731.73
1106.01
3462.99
0.1
1164.99
1487.01
3553.02
102.0
457.98
3659.01
4713.0
5862.0
668.85
0.1
48.03
0.1
0.1
1591.98
3380.76
1509.12
2277.12
4392.12
5000.13
5464.11
6606.12
8239.11
8265.12
8378.13
431.01
2958.0
3413.01
3574.02
3816.0
4915.02
6025.02
3370.02
4817.01
4895.01
7050.0
7659.0
9393.99
9447.99
9561.0
9596.01
0.1
2.01
4306.02
7281.0
7281.0
8783.64
8943.0
0.1
25.95
3589.98
4733.97
1366.98
3143.01
3467.01
954.0
2259.99
3706.98
4128.99
0.1
3385.02
6598.98
6903.0
230.97
1387.98
3067.98
6830.97
6874.98
8654.97
8879.97
9827.97
0.1
1983.0
6212.01
1417.74
0.1
946.98
1653.99
6750.0
0.1
812.97
0.1
2381.97
4203.0
7075.98
7128.0
7164.0
0.1
1316.97
0.1
2161.02
2408.01
2565.03
3237.03
4068.99
2453.97
7145.7
7410.96
11444.97
11860.98
1652.52
4104.51
821.01
2068.98
5588.82
306.0
3496.98
3579.0
3651.99
6907.98
475.98
1321.98
2189.01
3317.01
3782.01
2529.0
5454.0
5524.98
8261.97
8598.99
2103.0
3834.99
570.03
174.21
0.1
3547.02
0.1
6018.99
6034.02
9605.97
2940.96
5944.02
3945.99
5839.98
0.1
2733.96
2910.99
3068.01
3145.38
3204.0
1355.91
2733.93
633.0
0.1
2629.02
4227.03
5454.99
0.1
4031.04
5727.0
7461.0
7647.0
9354.99
0.1
391.02
0.1
617.97
2831.97
2855.97
1836.0
3390.0
0.1
129.0
213.0
247.02
495.99
3270.99
5732.01
9152.01
9421.74
10206.0
11019.0
1947.96
2562.99
7414.98
11142.96
429.0
0.1
411.0
0.1
441.99
0.1
1080.0
1108.98
1280.01
3387.99
735.99
3274.98
3565.98
5243.97
9546.0
2238.03
2912.04
3755.01
6617.01
0.1
423.99
0.1
599.97
1812.99
3799.95
3376.98
7429.68
3201.0
4139.97
4246.98
4818.0
8949.0
9831.0
142.98
231.0
249.99
1663.98
2094.0
2357.01
4389.99
5013.0
141.0
219.99
277.02
786.99
4881.99
9555.0
11265.99
1535.01
3174.0
1344.96
3056.97
0.1
2234.01
6890.01
7728.96
8126.01
1438.98
3994.98
5496.99
9994.98
10159.98
11861.97
1665.0
3187.98
3936.0
4293.99
0.1
3494.01
3978.0
4570.02
5358.0
6653.01
8297.01
8755.02
2437.35
7460.01
7616.58
7797.0
2769.03
3385.02
5102.01
5352.06
7211.01
7419.96
7667.01
7995.03
2378.04
6495.03
7939.02
11036.04
12159.0
909.99
2646.99
5599.98
613.65
628.02
2592.99
2871.0
7246.98
7545.99
8541.96
255.99
0.1
20.97
546.99
1254.99
2961.0
3486.0
3787.98
5959.98
0.1
488.04
0.1
1125.0
3893.01
4041.0
4608.03
4623.0
8207.01
8247.99
9134.01
9824.01
10839.0
11135.04
56.97
241.98
274.98
734.01
320.01
1644.0
3774.0
477.99
2153.01
2829.99
551.97
1889.01
1924.98
4336.02
5075.01
0.1
1173.99
3054.96
605.97
629.97
1792.98
2844.99
3785.01
0.1
3126.0
5201.04
255.99
315.0
481.02
1751.01
2565.99
4432.98
6187.98
2679.0
3351.99
7245.99
8252.01
9140.01
0.1
643.05
666.03
0.1
679.98
0.1
705.96
1896.99
3343.98
3405.96
4238.97
5649.96
6625.98
7090.98
7510.98
7981.95
8348.34
9850.98
0.1
432.99
0.1
390.0
0.1
0.1
111.99
0.1
0.1
0.1
12.99
385.02
408.21
0.1
0.1
332.04
0.1
278.97
0.1
54.99
0.1
240.0
0.1
1418.01
2789.01
4244.01
493.02
0.1
3859.98
6800.97
7672.14
2898.99
3738.0
3951.99
8014.62
8746.98
9053.37
10470.99
10660.02
1032.0
1234.98
4247.82
4951.98
5726.01
179.01
0.1
2617.02
3159.0
4893.03
7547.04
7656.0
7937.01
7951.02
1569.0
3677.01
4818.0
6984.99
0.1
402.0
1956.0
6932.01
3170.16
5186.04
5979.99
6008.04
0.1
965.43
2287.47
207.0
333.0
705.42
2040.03
3757.02
3914.04
8112.0
8463.0
8585.01
2909.01
3693.0
3976.02
4106.04
4332.99
4729.05
6529.95
0.1
1611.99
4951.5
1710.03
4776.0
1734.99
2241.99
3179.97
3971.97
8732.97
10122.96
2554.98
4060.98
1406.01
1736.01
1778.97
1927.98
2211.0
2493.0
3771.99
1964.97
4140.0
0.1
2277.0
4032.99
4194.0
0.1
816.96
0.1
3002.97
5505.0
5536.02
6868.95
7026.99
514.98
1608.99
6913.98
8334.96
8573.97
8982.96
0.1
2057.01
2874.0
6323.01
7303.02
7369.02
0.1
0.1
52.98
347.01
0.1
789.0
1763.01
1998.0
3989.01
4349.01
5001.99
0.1
1421.97
5108.97
5311.98
0.1
2894.01
4321.98
4559.34
5475.03
6218.01
6896.01
7428.99
8455.02
9645.0
10314.99
10410.99
10636.98
10835.01
634.98
0.1
1898.97
2442.0
5747.01
6677.01
2295.03
2627.01
3508.02
4434.0
4816.02
7144.02
2123.04
1753.14
3040.98
6009.81
1586.01
4642.02
4887.96
6435.99
8142.0
8250.99
285.0
1884.0
2836.02
3964.02
3981.03
4082.01
4103.01
354.0
1115.97
1361.97
4329.99
4653.99
1518.03
5683.02
4190.01
7500.03
7629.99
8366.01
9359.01
0.1
640.95
1484.97
3684.99
1439.01
1789.29
3638.97
6051.0
640.02
0.1
1186.98
2823.99
2961.96
5628.99
5732.73
0.1
2948.01
4476.99
8555.97
12189.99
0.1
495.0
0.1
3267.99
6060.36
10334.04
11180.01
1888.02
3636.0
0.1
238.02
0.1
1029.0
3377.97
3315.99
7464.99
7491.45
10249.98
0.1
2341.02
5574.96
5907.0
1409.01
3365.01
3498.03
0.1
1746.75
2175.99
2202.99
4731.3
0.1
0.1
90.0
280.02
672.99
0.1
2920.02
3984.99
4949.97
599.67
1525.02
1921.02
4296.99
4497.03
0.1
2196.06
2773.05
1733.01
2785.5
9771.0
11757.99
1134.03
1394.01
4305.0
1798.98
1921.98
4323.96
0.1
96.0
192.0
0.1
346.02
0.1
2190.99
2325.0
2826.99
1464.48
1584.06
4167.03
4575.06
1119.0
1395.0
3076.02
3270.0
2241.0
5266.98
1371.99
4632.0
6422.64
0.1
1950.99
2102.01
3500.01
3579.0
0.1
574.98
0.1
2840.01
5402.01
5422.02
5674.05
0.1
1595.97
5001.99
5439.96
675.0
2133.99
1473.0
4706.91
4916.01
4211.49
5169.48
6449.43
9839.46
11059.47
11165.46
0.1
2884.92
2963.04
6540.03
7549.02
9739.05
11905.08
0.1
2478.0
4603.92
5090.01
612.36
2118.99
3641.97
5706.99
6834.99
6902.01
7421.01
7870.98
8218.98
0.1
2350.05
3717.03
3851.01
2546.01
2794.02
2842.02
3168.03
3615.99
3633.03
4877.01
5039.04
8238.99
2452.02
2572.98
5542.98
5306.97
5368.98
0.1
376.95
1295.01
1469.01
3948.99
4767.0
3378.0
5043.0
7176.0
8056.05
8190.99
2508.0
4537.02
5709.0
8464.98
10382.97
12898.98
13208.01
13569.0
0.99
73.98
4049.01
8409.99
0.1
98.01
180.99
2111.04
2428.02
8185.05
0.1
39.0
0.1
1164.06
1242.03
1334.04
2534.04
2959.05
0.1
206.01
0.1
2205.03
7053.99
0.1
289.02
0.1
894.0
0.1
528.0
0.1
2303.91
2950.98
3879.96
6626.97
6704.97
8331.96
9678.99
2607.03
3956.04
9898.05
9995.52
2828.04
3428.01
3537.99
6845.04
6994.02
10120.02
11589.0
4850.01
5082.99
5220.99
0.1
3455.01
4874.01
4904.01
7063.02
0.1
3915.99
3991.02
8953.98
2293.02
3249.03
3722.01
9474.03
0.1
366.99
642.0
0.1
5310.99
5417.01
7524.99
3198.03
5451.0
0.1
5250.69
7057.98
7537.98
570.99
0.1
0.1
356.94
7586.97
9297.99
11814.96
6649.02
6700.02
7815.03
0.1
319.98
0.1
3579.0
4823.01
7047.93
7222.05
4334.01
8771.04
0.1
3370.02
4422.48
7365.99
8283.03
2860.98
7680.99
2699.01
4469.01
5706.99
6815.01
7046.01
7080.0
7128.99
0.1
6024.0
8076.0
8517.96
9191.01
3665.01
6110.04
11109.99
6279.03
11253.99
3101.04
4147.02
6600.0
10672.02
2664.0
6970.98
6824.85
11340.99
13423.98
7320.0
2579.04
4094.01
5789.01
5850.87
8611.2
0.1
2932.02
5057.97
7574.04
0.1
3383.97
3509.97
3542.97
8956.98
0.1
222.0
1024.98
0.1
1762.02
4733.01
7566.99
1518.96
0.1
3384.99
4156.98
5366.97
5400.0
1788.03
0.1
3219.03
3462.0
0.1
0.1
4046.01
5235.0
7117.05
4368.0
6209.01
11142.0
11559.0
4747.98
6104.01
6141.0
9505.98
9714.0
5016.99
12052.98
6299.01
7365.0
12496.98
12794.01
16982.04
5705.67
12338.01
16503.0
5951.01
12520.02
12927.0
2047.02
0.1
0.1
1201.02
0.1
5796.0
6162.99
6263.94
6562.98
7801.02
6729.0
6903.0
13197.0
13777.98
0.1
6301.41
4881.0
5693.97
10292.01
5443.02
5472.99
8492.01
8541.99
8564.01
14642.01
17389.98
3983.49
4005.21
4750.5
8498.52
8754.48
4077.0
0.1
5474.01
8757.0
10776.03
2645.97
0.1
5109.03
2528.97
2926.71
3029.97
0.1
5006.97
2958.0
5392.98
7823.01
8441.01
14469.99
14641.02
14968.98
0.1
336.0
0.1
4856.97
5516.07
10937.01
11097.99
0.1
361.02
0.1
216.99
0.1
282.03
323.01
0.1
0.1
463.98
0.1
307.02
0.1
0.1
234.99
0.1
0.1
0.1
383.91
0.1
1267.98
2007.99
0.1
2650.02
6530.01
6651.99
10855.05
11158.98
0.1
4590.0
4710.99
9617.97
3854.4
4254.0
7746.99
8368.98
10568.01
0.1
2561.04
9633.0
0.1
1448.01
0.1
3815.58
7740.06
8128.08
6733.02
10314.0
0.1
4381.02
4413.0
4473.0
7524.0
7544.01
7768.02
0.1
194.01
0.1
3538.95
7683.99
8498.97
11867.97
12194.94
14623.98
14719.95
3918.0
4108.02
5817.0
8334.99
0.1
2553.99
5782.95
9385.98
3770.04
0.1
0.1
0.1
5276.46
8570.01
8792.01
4636.02
4901.04
4939.05
0.1
618.99
3077.01
0.1
1893.99
2888.58
6601.98
10640.01
14763.0
14862.0
18168.99
1924.02
2027.01
5565.6
8156.22
1747.02
2505.87
3859.86
7887.99
0.1
1453.89
3824.97
4773.99
8131.98
8399.97
0.1
4004.01
7290.0
7709.01
3933.99
6601.98
9299.97
12496.98
19364.01
19813.98
19914.99
20007.87
20108.94
658.98
847.92
0.1
1493.88
0.1
1188.96
1206.0
0.1
4410.99
4274.01
7533.6
10440.0
13501.95
13509.0
0.1
2377.02
3784.02
3826.77
7684.08
9633.0
0.1
1973.25
3553.23
5117.22
6223.23
6264.18
6334.23
9387.24
9932.22
12239.22
610.98
0.1
31.98
670.68
1691.01
3063.99
0.1
71.01
2847.96
5529.0
6157.95
6309.96
7838.97
0.1
2300.46
6096.42
0.1
8381.94
10964.94
84.99
0.1
110.01
4817.01
6024.0
6183.99
6346.02
9606.0
10067.01
11112.0
12147.0
12366.0
13138.02
3591.0
8004.0
12507.99
14232.0
15669.93
18293.97
18798.99
2821.02
2853.03
6068.91
6590.46
8784.03
2380.98
3562.98
6426.99
0.1
3575.73
7414.02
10084.02
11083.02
1537.98
1548.99
0.1
5677.02
0.1
1078.02
1183.02
0.1
40.98
822.96
0.1
10989.48
14111.46
1135.02
0.1
3007.02
3644.01
5031.03
5866.02
0.1
2234.01
2602.02
6684.03
10048.02
10162.98
12171.06
13857.03
16355.01
19183.02
201.99
4104.99
4111.02
0.1
2454.39
11876.82
12039.39
0.1
2689.02
4124.85
7813.65
9781.02
12635.01
342.03
1150.02
285.0
2751.99
5317.02
5348.01
8199.99
0.1
3262.05
0.1
2355.0
0.1
2619.0
0.1
4539.99
6671.01
8388.03
8568.03
0.1
120.0
1761.99
1923.99
3346.98
3533.97
0.1
2090.82
5966.82
5989.83
6163.83
0.1
3006.03
0.1
4014.78
8046.99
0.1
144.03
3686.01
0.1
8623.95
10188.99
13572.84
0.1
921.03
4078.02
4159.02
0.1
2681.01
6604.02
10743.0
11068.02
6324.99
2509.98
0.1
7028.04
8595.0
9286.02
10420.05
0.1
3308.01
7505.49
3262.98
0.1
1918.02
2086.86
5979.99
0.1
3297.96
7596.96
11423.97
2176.02
2625.0
335.97
2884.98
6042.99
6139.98
0.1
4146.72
0.1
3550.02
5343.99
6167.04
11154.0
11470.32
13041.99
13290.99
946.08
1384.98
0.1
4251.99
266.97
0.1
3122.37
4433.97
7410.96
10432.92
2315.01
0.1
2392.98
2641.98
5832.99
5868.99
0.1
1597.98
1628.64
0.1
3697.8
7375.83
9430.68
11769.84
11801.82
12802.83
18560.79
21573.84
37.02
624.0
0.1
44.97
2937.99
4188.99
4359.99
0.1
2418.06
5922.03
6539.01
0.1
452.01
485.01
0.1
26.01
4378.98
7046.97
7405.98
10497.99
10734.0
0.1
749.07
2318.1
4425.06
5660.1
5852.07
0.1
321.96
2004.0
3252.99
0.1
4639.98
5712.99
7665.0
8028.0
0.1
2038.02
0.1
402.03
1985.01
3566.01
4795.02
4917.03
5786.01
634.02
634.02
1399.95
2864.97
487.98
2010.99
4457.97
444.96
2923.98
4038.0
4524.96
5254.98
6672.99
7206.96
0.1
317.01
1667.04
1887.03
4598.01
4658.01
4672.02
0.1
4051.02
4684.98
7541.01
7554.0
0.1
863.01
946.02
2161.98
2595.99
3726.03
0.1
335.01
2896.98
5547.0
6796.98
8577.99
247.98
1458.99
4105.98
1563.0
2364.03
2457.87
6722.01
6815.04
8186.01
8247.99
9947.01
10039.02
10641.0
0.1
470.01
1723.02
4417.02
5609.04
5993.04
348.0
2675.97
5367.0
363.0
2316.0
4563.99
0.1
516.99
2527.98
4432.02
6118.02
587.97
2914.71
2967.27
3016.98
0.1
1467.99
1873.02
3953.7
636.99
1421.01
2883.0
324.96
2473.02
2970.99
3000.96
3862.98
4137.0
308.01
1254.03
2393.04
0.1
203.97
2435.01
3242.01
6710.01
7145.97
7249.98
654.99
2703.0
3069.0
22291.98
25133.97
25430.01
27838.11
428.34
2144.37
0.1
121.02
3461.01
4328.04
5164.02
7412.01
342.09
410.1
656.1
1476.09
5143.11
6407.1
0.1
628.98
411.0
3813.99
3838.98
4265.01
4492.47
6813.03
0.1
334.98
0.1
473.97
3453.0
4366.98
4704.0
6288.99
6837.0
186.09
473.58
604.08
799.08
1820.1
4179.12
4408.32
395.01
2559.99
4529.97
4794.0
5875.02
798.0
969.45
1338.0
57.99
297.0
578.97
1689.99
2427.99
2780.01
4039.98
1598.01
1869.99
3175.98
195.0
2204.01
4307.04
0.1
158.01
345.99
617.97
1248.0
1268.04
1694.01
3483.03
3665.01
5996.01
6319.02
9002.04
0.1
208.98
2988.0
5945.88
8476.02
8487.0
8709.0
9611.97
9727.98
9736.11
140.97
3130.98
678.99
2907.99
6006.0
6499.98
6675.0
7830.99
0.1
158.01
1438.89
2042.04
2211.99
2457.99
3579.0
0.1
477.99
3597.96
7540.95
304.98
6053.97
9468.0
9558.0
0.1
201.99
1156.02
1308.0
3051.99
6878.97
7302.99
7537.02
2643.99
3683.97
6274.95
6478.98
8414.01
8993.97
0.1
368.16
1439.01
2038.02
3394.02
3476.01
3981.03
42.96
460.02
1050.0
2406.0
2565.99
115.98
274.68
1539.0
2419.98
2497.98
5414.61
277.02
465.06
2244.06
6962.85
2262.03
8541.03
8602.02
11338.02
11580.03
532.98
1434.0
3133.98
3987.99
6464.97
6621.99
0.1
486.0
1398.99
4631.97