9.0
11.0
3.0
18.0
8.0
6.0
118.0
38.0
12.0
8.0
77.0
7.0
16.0
2.0
9.0
110.0
62.0
126.0
119.0
115.0
289.0
4.0
93.0
72.0
75.0
73.0
22.0
3.0
7.0
318.0
192.0
6.0
56.0
16.0
3.0
74.0
179.0
63.0
70.0
158.0
60.0
3.0
28.0
25.0
6.0
152.0
7.0
26.0
44.0
4.0
60.0
11.0
3.0
7.0
6.0
24.0
2.0
7.0
170.0
212.0
237.0
10.0
2.0
67.0
4.0
109.0
146.0
113.0
46.0
193.0
123.0
44.0
3.0
2.0
57.0
72.0
7.0
4.0
5.0
58.0
119.0
66.0
210.0
155.0
251.0
59.0
2.0
643.0
494.0
9.0
16.0
17.0
40.0
8.0
1.0
32.0
49.0
162.0
76.0
19.0
11.0
10.0
108.0
8.0
164.0
113.0
300.0
36.0
80.0
32.0
2.0
2.0
3.0
123.0
8.0
3.0
115.0
301.0
32.0
85.0
170.0
206.0
46.0
59.0
67.0
39.0
104.0
22.0
61.0
33.0
97.0
5.0
94.0
18.0
3.0
22.0
96.0
169.0
2.0
100.0
142.0
63.0
216.0
130.0
10.0
4.0
96.0
115.0
33.0
2.0
85.0
157.0
65.0
102.0
15.0
105.0
110.0
84.0
47.0
76.0
34.0
112.0
171.0
5.0
194.0
31.0
3.0
87.0
111.0
21.0
87.0
29.0
8.0
169.0
146.0
270.0
8.0
4.0
85.0
166.0
100.0
11.0
175.0
9.0
221.0
346.0
3.0
137.0
6.0
12.0
105.0
2.0
161.0
5.0
5.0
2.0
24.0
7.0
4.0
2.0
4.0
72.0
219.0
108.0
600.0
11.0
80.0
112.0
2.0
196.0
61.0
4.0
4.0
208.0
59.0
150.0
13.0
8.0
3.0
169.0
215.0
15.0
87.0
42.0
3.0
10.0
13.0
55.0
126.0
355.0
53.0
275.0
4.0
127.0
5.0
78.0
81.0
8.0
10.0
155.0
212.0
49.0
133.0
129.0
6.0
60.0
14.0
2.0
6.0
2.0
176.0
36.0
3.0
28.0
3.0
111.0
113.0
27.0
42.0
111.0
87.0
4.0
9.0
38.0
38.0
250.0
26.0
63.0
34.0
25.0
33.0
3.0
2.0
207.0
11.0
230.0
52.0
143.0
3.0
11.0
18.0
174.0
25.0
112.0
4.0
16.0
82.0
10.0
269.0
27.0
7.0
178.0
94.0
247.0
8.0
29.0
67.0
107.0
4.0
85.0
94.0
11.0
135.0
96.0
138.0
79.0
98.0
398.0
10.0
99.0
55.0
45.0
20.0
92.0
2.0
136.0
115.0
142.0
73.0
61.0
157.0
2.0
23.0
9.0
21.0
198.0
39.0
91.0
395.0
166.0
176.0
133.0
56.0
39.0
49.0
114.0
90.0
7.0
6.0
3.0
251.0
223.0
7.0
33.0
20.0
4.0
19.0
132.0
169.0
7.0
10.0
69.0
112.0
118.0
68.0
37.0
29.0
4.0
15.0
2.0
107.0
74.0
57.0
85.0
3.0
28.0
3.0
904.0
10.0
73.0
23.0
255.0
137.0
37.0
92.0
137.0
178.0
636.0
221.0
197.0
44.0
3.0
109.0
16.0
99.0
7.0
64.0
47.0
129.0
32.0
154.0
69.0
5.0
20.0
104.0
45.0
113.0
6.0
163.0
39.0
150.0
73.0
52.0
83.0
3.0
62.0
1.0
47.0
18.0
12.0
64.0
3.0
93.0
181.0
71.0
20.0
3.0
44.0
4.0
25.0
221.0
86.0
75.0
56.0
40.0
220.0
3.0
38.0
22.0
61.0
37.0
5.0
55.0
101.0
113.0
5.0
53.0
102.0
74.0
154.0
20.0
83.0
123.0
11.0
33.0
24.0
10.0
3.0
3.0
27.0
63.0
4.0
2.0
19.0
128.0
3.0
11.0
72.0
135.0
297.0
98.0
334.0
45.0
41.0
2.0
78.0
3.0
144.0
267.0
14.0
4.0
332.0
90.0
3.0
5.0
57.0
5.0
74.0
93.0
201.0
117.0
53.0
253.0
2.0
7.0
199.0
104.0
25.0
1.0
235.0
2.0
5.0
1.0
116.0
2.0
1.0
8.0
1.0
14.0
1.0
68.0
1.0
84.0
34.0
130.0
18.0
5.0
218.0
7.0
4.0
19.0
8.0
166.0
18.0
113.0
40.0
2.0
293.0
87.0
236.0
2.0
144.0
44.0
217.0
32.0
256.0
234.0
90.0
48.0
287.0
84.0
152.0
95.0
89.0
78.0
160.0
5.0
70.0
3.0
201.0
107.0
172.0
121.0
3.0
125.0
83.0
74.0
58.0
27.0
13.0
45.0
59.0
7.0
79.0
3.0
89.0
74.0
211.0
131.0
93.0
353.0
129.0
159.0
177.0
96.0
104.0
57.0
82.0
82.0
132.0
2.0
45.0
41.0
12.0
2.0
99.0
145.0
24.0
92.0
175.0
95.0
9.0
14.0
3.0
65.0
260.0
7.0
276.0
157.0
49.0
195.0
80.0
417.0
250.0
148.0
160.0
347.0
80.0
293.0
4.0
144.0
163.0
166.0
6.0
92.0
169.0
236.0
31.0
185.0
45.0
210.0
154.0
35.0
147.0
71.0
296.0
8.0
100.0
318.0
392.0
74.0
43.0
121.0
32.0
211.0
507.0
138.0
95.0
72.0
81.0
88.0
3.0
79.0
143.0
122.0
234.0
111.0
377.0
80.0
151.0
106.0
193.0
85.0
305.0
138.0
3.0
322.0
462.0
121.0
83.0
387.0
55.0
73.0
108.0
289.0
99.0
75.0
28.0
301.0
159.0
208.0
144.0
274.0
466.0
80.0
444.0
232.0
928.0
226.0
220.0
106.0
138.0
157.0
90.0
432.0
398.0
297.0
435.0
131.0
66.0
59.0
395.0
169.0
168.0
153.0
209.0
92.0
288.0
138.0
140.0
476.0
88.0
7.0
310.0
381.0
129.0
95.0
55.0
461.0
134.0
158.0
414.0
2.0
43.0
112.0
183.0
300.0
309.0
80.0
167.0
287.0
541.0
284.0
175.0
46.0
74.0
142.0
123.0
121.0
172.0
79.0
65.0
279.0
144.0
878.0
2.0
60.0
4.0
302.0
136.0
149.0
8.0
51.0
108.0
44.0
173.0
76.0
199.0
180.0
82.0
82.0
160.0
293.0
246.0
230.0
26.0
265.0
126.0
167.0
363.0
9.0
4.0
6.0
169.0
102.0
312.0
8.0
11.0