5964.0
8480.0
9740.0
1535.0
3358.0
2996.0
5738.0
7372.0
1464.0
8520.0
3213.0
5184.0
2329.0
5886.0
1829.0
2068.0
2435.0
4162.0
3891.0
6096.0
1193.0
2499.0
2317.0
6067.0
4910.0
9540.0
1405.0
4912.0
7524.0
1940.0
5434.0
4308.0
7282.0
9100.0
4713.0
1608.0
4694.0
2509.0
5329.0
747.0
3251.0
4394.0
8746.0
2412.0
2959.0
5871.0
1286.0
3084.0
1008.0
4188.0
3381.0
6643.0
2157.0
2742.0
3264.0
1659.0
3025.0
3911.0
6858.0
8590.0
9738.0
4371.0
5562.0
10991.0
2666.0
5087.0
1854.0
4436.0
2005.0
6211.0
4741.0
5930.0
6753.0
8873.0
1460.0
2622.0
5479.0
1540.0
6664.0
1910.0
3261.0
4557.0
4977.0
7297.0
8119.0
7195.0
2559.0
4085.0
1849.0
5000.0
3906.0
5058.0
1976.0
5258.0
2532.0
1737.0
3393.0
2342.0
7277.0
11328.0
11741.0
1102.0
2435.0
5266.0
7001.0
4086.0
5259.0
1838.0
6215.0
1579.0
4056.0
2110.0
5608.0
1395.0
3371.0
1222.0
2768.0
2078.0
3606.0
3616.0
6907.0
719.0
2466.0
7249.0
2310.0
4862.0
7033.0
2059.0
5614.0
8275.0
3316.0
5316.0
2715.0
6773.0
7775.0
3214.0
5336.0
1997.0
3785.0
3625.0
2891.0
1588.0
4584.0
1622.0
2799.0
3520.0
6011.0
9648.0
2293.0
9768.0
1635.0
3765.0
1702.0
2772.0
1501.0
3218.0
2825.0
5902.0
5952.0
463.0
1330.0
1422.0
4890.0
5475.0
3936.0
5801.0
3212.0
3110.0
1886.0
7353.0
1380.0
3179.0
2673.0
1286.0
2689.0
3806.0
9530.0
2242.0
4125.0
4230.0
5473.0
4042.0
7465.0
7670.0
3658.0
1781.0
3942.0
2926.0
3061.0
2216.0
1279.0
2222.0
1756.0
3393.0
3346.0
5769.0
9469.0
11063.0
640.0
1020.0
2333.0
2939.0
11039.0
1556.0
3751.0
1203.0
3584.0
1483.0
3643.0
2089.0
0.1
2469.0
3313.0
4163.0
7387.0
5301.0
9676.0
1452.0
4276.0
3859.0
6806.0
7674.0
3943.0
8130.0
1132.0
2639.0
1800.0
3768.0
2414.0
10674.0
1857.0
5310.0
6026.0
951.0
1619.0
4221.0
1593.0
7055.0
1995.0
6973.0
3264.0
6219.0
2101.0
8588.0
4375.0
6860.0
1614.0
4959.0
3247.0
4043.0
2644.0
6140.0
3846.0
2032.0
4246.0
4039.0
4171.0
3024.0
6943.0
1449.0
3173.0
2263.0
7154.0
1762.0
2868.0
2982.0
5558.0
2023.0
1781.0
1422.0
5116.0
4328.0
10358.0
3530.0
8750.0
2502.0
6827.0
2424.0
4493.0
7195.0
2196.0
3097.0
6101.0
1661.0
4708.0
6508.0
8273.0
4098.0
4268.0
1486.0
4788.0
1560.0
5742.0
4211.0
1489.0
3699.0
684.0
2839.0
5790.0
4603.0
8604.0
12262.0
1966.0
3717.0
1031.0
3372.0
1329.0
3037.0
3685.0
2321.0
5570.0
1360.0
2212.0
4730.0
1126.0
2908.0
5114.0
2025.0
4357.0
3143.0
2854.0
11809.0
1196.0
4442.0
563.0
4367.0
2261.0
2917.0
1540.0
1607.0
4202.0
1106.0
1440.0
3131.0
2339.0
5397.0
1256.0
3163.0
1464.0
2003.0
2932.0
1593.0
3131.0
5271.0
2182.0
1498.0
4732.0
4925.0
4117.0
2957.0
6521.0
11940.0
2584.0
5104.0
2492.0
8317.0
2356.0
3749.0
3924.0
3676.0
8289.0
2502.0
5603.0
5496.0
1377.0
3403.0
8164.0
2585.0
5768.0
8511.0
13636.0
4199.0
2127.0
2454.0
8241.0
0.1
110.0
5732.0
0.1
0.1
0.1
1333.0
0.1
0.1
1507.0
0.1
223.0
0.1
2676.0
0.1
3452.0
1597.0
5198.0
0.1
2177.0
6203.0
7964.0
0.1
0.1
4821.0
5631.0
0.1
3534.0
0.1
0.1
4670.0
6387.0
2986.0
9685.0
3810.0
3266.0
11427.0
4759.0
3910.0
8938.0
3693.0
9393.0
5279.0
7487.0
3029.0
5286.0
5254.0
7047.0
7550.0
11889.0
6299.0
7461.0
3580.0
4841.0
7069.0
4200.0
8626.0
3357.0
4424.0
7417.0
8347.0
2610.0
7556.0
2449.0
6908.0
9332.0
5812.0
10820.0
6029.0
10995.0
3856.0
10387.0
2689.0
6996.0
6843.0
11399.0
13462.0
7032.0
11704.0
1933.0
11255.0
2244.0
5673.0
8222.0
2922.0
7624.0
8788.0
1937.0
6713.0
10845.0
9611.0
3955.0
8064.0
10281.0
1439.0
7672.0
1739.0
7536.0
4365.0
7534.0
11856.0
14629.0
1540.0
5397.0
8037.0
5765.0
9362.0
8624.0
1655.0
3175.0
7094.0
4326.0
4652.0
3126.0
6608.0
18179.0
4195.0
11394.0
7780.0
2535.0
7922.0
3822.0
8122.0
7276.0
5676.0
9309.0
12177.0
19462.0
1190.0
1526.0
1211.0
4403.0
4679.0
11778.0
10222.0
13274.0
3801.0
10016.0
9385.0
12182.0
5850.0
16602.0
3111.0
7841.0
6095.0
10955.0
5376.0
11975.0
16151.0
956.0
4808.0
6179.0
12129.0
3656.0
8056.0
12557.0
18319.0
5510.0
12052.0
2443.0
8339.0
6470.0
3069.0
11072.0
1577.0
6152.0
1224.0
5649.0
1060.0
4034.0
7586.0
836.0
10977.0
14095.0
6259.0
13315.0
794.0
5855.0
12184.0
19185.0
6282.0
3709.0
2472.0
11915.0
9785.0
12619.0
4932.0
5711.0
10310.0
373.0
1279.0
5393.0
8241.0
3257.0
2358.0
2638.0
8381.0
417.0
901.0
3336.0
2164.0
6058.0
3008.0
4019.0
8051.0
8149.0
17011.0
3675.0
13569.0
4236.0
10729.0
3849.0
8562.0
6034.0
2532.0
7047.0
10421.0
7491.0
3726.0
10763.0
3431.0
2093.0
6038.0
11434.0
2320.0
5055.0
2365.0
2926.0
6171.0
4162.0
12977.0
3101.0
2135.0
4964.0
987.0
4239.0
4509.0
10505.0
7407.0
14019.0
2113.0
5919.0
4183.0
0.1
21543.0
2840.0
5780.0
11250.0
6542.0
487.0
10488.0
0.1
1050.0
4818.0
0.1
854.0
1542.0
2286.0
3556.0
5491.0
2314.0
6990.0
3210.0
4063.0
6747.0
1388.0
4330.0
2051.0
2680.0
5651.0
6075.0
2528.0
3111.0
3644.0
7548.0
2942.0
6535.0
7877.0
3028.0
1933.0
2685.0
6041.0
2047.0
2720.0
5464.0
2333.0
4426.0
5664.0
0.1
458.0
2342.0
2619.0
2271.0
4363.0
1631.0
3246.0
6891.0
3470.0
6903.0
1478.0
2943.0
1446.0
4673.0
2729.0
3098.0
1868.0
4502.0
451.0
2177.0
705.0
1133.0
2056.0
2092.0
4580.0
7279.0
1279.0
2462.0
1536.0
4166.0
2224.0
3766.0
1728.0
5660.0
2090.0
3230.0
767.0
0.1
4650.0
7741.0
8102.0
2549.0
3271.0
7167.0
5818.0
0.1
2794.0
5031.0
0.1
212.0
2805.0
5436.0
7743.0
2888.0
8568.0
1665.0
0.1
714.0
1470.0
4106.0
6339.0
10053.0
0.1
1489.0
1471.0
2083.0
0.1
4256.0
6927.0
0.1
0.1
2159.0
0.1
1707.0
0.1
6054.0
10352.0
2104.0
7777.0
2541.0
5650.0
5221.0
7080.0
0.1
433.0
1747.0
4817.0
7094.0
2487.0
4095.0
0.1
0.1
3875.0