97.28100783976073
95.56625025599017
0.01788940768171166
0.015924581183514874
96.81826867953372
11.766559526060377
0.027248698874628736
96.21371817739582
0.03154474622251664
95.61303814156476
98.19066236304951
0.03086705559156712
0.03333333333333333
17.76954593927148
91.6297155331196
96.48976875727833
0.03516916367728776
94.24984173876346
0.0013082207282341506
39.09002782585489
47.48880490111814
75.00107928210079
76.64865246723888
96.28530724217913
97.76668897949249
3.3380251067092357
33.60511288864476
60.020369162461236
63.74002998157621
91.39402886012793
96.48689164292172
0.0016412276382734286
38.88084687346135
92.54849827671097
96.8163466272772
26.468009346834314
30.058528986313565
46.25926338043841
91.77745632580394
96.73261377545343
18.942288780871568
47.17906212244669
55.84276923941446
96.67753083644743
5.031401335118282
12.728546913325127
33.81191543651899
72.53573642644719
97.66309377274237
99.2497821223529
0.001627492912268367
31.312800882752157
43.258761608093195
47.44158114191413
59.029167927973674
98.4795961213589
37.34334610272081
54.085631741329166
98.26313440229947
99.40796476237658
1.8697225572979492
38.540410132689985
53.89987937273824
96.46200241254525
8.219956438018876
17.361659143281038
18.281827077874933
27.002509548912524
37.10344392184097
64.65876448120206
77.66698759430538
98.737728463651
34.15638301869575
96.54748549374929
97.04829333490785
0.030303030303030304
96.66363636363636
2.586722027487387
4.394778505381047
34.76519907102243
98.29851720887827
0.0018670057149044934
1.437220999333479
46.21231215588751
99.19345353116125
0.013005592404734036
94.16309012875537
21.435759812143576
36.12881583361288
48.47366655484737
59.801073465280105
96.7910097282791
97.37235826903724
0.0014448152803664051
34.863248233713314
42.63620996055654
83.84291968271856
97.59698322569459
41.05759514988211
97.59418755713804
98.71770196795458
96.80912043818866
29.86080273270709
38.29888983774552
45.289069171648165
46.143040136635356
77.07087959009394
78.59906063193851
85.79590093936807
95.1327924850555
98.46285226302305
0.003254127861191922
15.067262822890838
52.94531112716481
67.5556943983443
95.11880820821212
31.0006121750198
43.878076871197685
77.98002995161397
90.36049153849612
95.96483279321282
96.49538447703998
15.751014884979702
39.115832205683354
49.76102841677943
98.8362652232747
98.71426994812934
11.742891068604775
31.85217699593132
49.57878209781709
94.76755637341796
92.4036961478459
98.00192007680307
39.70039678609862
95.00485254213788
1.6280072490618664
19.615920987920475
30.204536727008147
52.82922261222235
53.166411781746646
66.07897165724603
75.33129425397318
77.68926047442281
88.09766022380468
88.5022198567704
92.0950866721012
99.03424440656727
0.0023315893045335423
33.66861587532526
64.58549005344003
75.497327998657
97.62387733974987
26.679810696596874
30.938770115322342
66.17284766509893
88.5081526029218
95.44731924205207
17.81935202356278
99.08366968473874
19.012327077192552
19.733682396481743
22.235196991527683
33.99630219074794
49.99482055580145
77.7544441200752
78.4243189030879
88.46898768547904
88.68903558749022
98.3256269481773
27.069612851603374
32.0855614973262
38.94510841820572
49.07077867769254
54.63452076220407
55.8897751259056
57.77247564256207
59.63055622938534
74.64400667634568
87.70270710610828
95.80012961668942
35.53380814947708
36.17402991701718
43.93289371838643
98.33554340847587
0.001896450035179148
72.82368135087928
73.75332115812411
75.80148719611759
95.99811113576496
34.684120265845955
38.26414832864658
97.16138420052776
99.29785256058621
0.0019455404322212624
49.26050008171269
97.35484322835197
97.99628790885532
0.002857967584931652
49.18505054315674
53.87240317920315
96.59873277717284
36.160386775547515
43.49781717158355
61.57620656893048
92.68662280965496
96.85504335590326
10.017965798442964
33.91025972777749
63.84142780040959
85.0107572990677
93.82139186881271
99.35419238930332
17.690310942947963
74.62850731986316
96.37031578252692
26.86531420544822
27.38710940198494
94.81060169940359
38.33513888287039
96.28547904840316
98.10314649733382
40.32206720161583
95.86603585110703
10.795823644049445
32.276377604338286
55.98585913742621
71.39440955779206
86.81943568355348
98.9643842322792
97.01611020312865
99.21845750655186
32.402234636871505
54.40152664922467
97.51797434155114
86.14501076812635
26.407765378661807
30.86190225217561
66.26094029472915
96.11274572866824
97.88311262538024
24.862560181563783
25.98301144689149
35.01658091597166
37.93669505436998
59.40099375323631
96.73174171229631
97.31895953375124
76.73385836376528
85.23447208520436
97.40750341168129
97.66137824300318
97.66137824300318
31.35286989691954
42.8183295205699
81.3265156413865
95.8354842390684
26.49235034435337
29.77202819198935
41.62231951165096
74.53979539959987
82.93960374674026
87.4383254514266
88.34063004048849
98.77656714616457
0.0019768432580749107
47.44423819379786
56.45864345061945
76.02939170556107
97.61711313671651
32.58854918539905
95.85352650030936
0.003402610482762375
54.679269935894816
95.57898819974685
22.761322162355995
76.16473241011708
98.3185794990078
0.002505022570253358
13.251318894383239
39.80430763681181
94.31409977003892
0.003528008862358262
40.92419720158337
60.39774771914227
72.21693020892869
95.89128087889756
38.27625772285966
40.453662842012356
92.1747572815534
25.241090783848943
40.40245953118986
41.14548511922851
46.61611864097733
88.7391357199295
98.88571486456371
0.0028487837117942495
37.944944405985865
93.5825449324411
96.60197078857182
4.721055465805062
24.537425955842757
86.35810446957458
97.39687668282176
93.38125929598414
61.00689576421181
61.788458000545575
62.91005056047909
95.38992469850855
97.01839081918126
0.0011279361588134112
21.04796548515354
24.352254462397433
27.747229506809916
28.999238643092802
31.266390322307757
38.21470264783013
46.3358429912867
82.82446493528467
94.31824718720921
97.57820827341173
97.803231537095
42.34353943437656
91.06518522706926
93.95550026858162
96.65733698981275
79.5576923076923
92.84081196581195
27.986657110369837
41.36888563160476
64.0027591112644
96.46165535898085
87.27448402578683
35.43494437739577
39.34353445850034
46.69078334385963
54.16340976881757
67.75420999643565
86.06433337293721
98.42605851785613
0.012261212879178007
0.002318566384033424
47.83295192916316
51.54242628697824
80.75566715588417
94.1113050978319
95.4565373138481
95.80362670153791
35.41214414190907
52.616492854041695
94.21677993283774
94.83656887675991
98.64656524397267
90.97647058823529
98.2411578644685
41.299853372434015
71.8966275659824
92.77859237536657
97.04433497536945
19.484616431407968
56.700852374648974
95.56740440166764
39.081449362704625
53.913193207922255
84.60746752865579
92.74731639357735
98.78724078690423
97.61563797794643
89.40412270491495
28.787314821707735
0.004394638540980004
54.888595912986155
63.80883322346737
95.7139090309822
8.715314259706682
32.63401006134613
44.011852827393206
81.45623217597189
96.93366193295986
11.055022715800101
14.944313528231428
42.919316125293186
73.3924187666417
82.08519456093254
95.44393353708877
92.00307204915279
40.66921119592875
44.01908396946565
45.33460559796438
62.12977099236641
96.90458015267177
0.0032841369616478486
97.40586021399436
39.109377311624506
96.85735865511147
30.244138542059755
94.69638550263335
0.0026602819898909284
30.992019154030327
39.55865921787709
94.52035115722266
1.7022725338326667
7.643203676908674
61.06502180410849
78.65500443091527
97.83060385614796
98.79907825932818
0.02702556618561159
12.980379438949246
0.030206917384080954
0.023979090233316548
45.8917437063814
97.4566084076345
17.39190562789122
26.242748186614484
50.61713882684848
57.624171097850216
62.97132465305389
76.13245839066789
94.9519081171907
95.25166126165996
96.55404891473457
96.85182688418499
48.8682490199091
56.38533556032453
59.04533446995792
63.043014962803625
81.1996015205658
99.53758543270207
35.07302848079529
50.132381683870044
50.94415616043162
73.37192384306526
79.71000917929601
97.7666835265981
98.32868124114073
99.50481756929744
99.86917942089258
0.0010951690995848213
0.022012898901654906
47.15820046194233
79.73926214077085
79.73926214077085
96.19571109877221
97.94097257587057
0.0018214936247723133
0.4726775956284153
65.3912568306011
86.22896174863388
35.515198752922835
81.65783320342946
90.07560405300077
21.811148377538633
51.66978744418609
84.752086805627
94.40043347942688
0.0014146712728363312
47.886905519764376
93.35387436021492
97.65475796389194
2.307632361404182
13.867374832150395
30.652335507385384
68.24854929982736
68.6882553232304
86.47222089008248
88.72020669480145
98.19172021868405
0.0015900804421695694
31.531295168222563
98.77595607561787
92.49770018202814
0.010416992197672843
98.6468327135223
23.9606602404193
97.78442228963311
0.01209262954229397
98.30945038998729
0.0037594267626072375
32.25123787009167
56.907497897956446
95.80688007993858
96.51121699182336
96.99864738067095
0.007251736790961435
95.50319801592481
0.002001388963940975
43.25041578855726
48.193646390595084
51.3362273417752
64.78556117945855
81.43631680386189
20.42258795801584
59.46840701866518
61.67597095862504
95.24807006681115
98.71021541350005
39.14606933212047
97.23055275239138
98.32219587554789
35.71498852931886
96.47490173536129
4.345843967159054
49.664475281947276
50.829331890399516
51.86594349550717
98.10785362174967
35.55804571940834
98.75840430300315
55.89927451295842
84.70425103230602
96.57864294852644
29.21706581637958
63.00904585311753
63.829064568675705
95.44900010397531
99.34252937302881
52.89248715414274
96.45371341477218
98.61940104842476
93.64618609901629
0.002630865844258004
93.31733766900024
0.0009645061728395061
58.053530092592595
58.198495370370374
92.6501736111111
47.13824789509874
95.27184601403107
66.34636724976292
98.19119100942234
0.0030553289519916166
83.53147141587
88.94032025958076
93.73779777999799
96.1017057901539
97.89273962181139
45.1532013946472
91.0426885920657
98.7550313582327
0.0017988846914912754
47.29303831624393
76.03939557474366
98.12898003237993
0.001057194206575748
42.61592134475103
60.54551221059309
78.87725975261655
80.84364097684745
98.90041230574056
0.024937033989177328
97.50879030448118
0.003363639727276091
20.78628442264806
95.25726798454072
96.06454151908699
49.95102840352595
92.22984002611818
0.015336952854206927
19.784669181926937
32.667709579460755
37.88534094046195
4.4425157327342975
29.29781757014569
51.34084276939116
81.97332287171439
84.38925821031079
91.41376956851195
98.69570124195897
16.997238328337893
22.36378152690339
64.7006007617502
97.22968993364134
98.39675221908759
0.023864070255822833
98.08132875143184
0.026524495371475557
94.84967488572715
0.014619883040935672
30.34747863031713
31.16180264023064
35.96766307554836
95.20088344882234
7.482949623610654
33.29734148335225
36.25599355806889
53.31643546478289
97.05598867781805
33.20011926960717
43.19873965847949
55.70380194124637
98.16022180586647
0.022728305832083275
96.36574389744987
0.002367996059654557
14.207265959109446
42.931531761931154
89.98266626884333
44.5042758358933
97.9136767444343
31.876152037594142
41.22658955047755
42.29221498926009
47.97853811844067
89.11580274427678
97.89892242473853
2.764501160092807
4.466357308584687
4.833526682134571
32.172853828306266
40.48723897911833
45.57250580046404
84.87993039443155
96.92575406032482
17.47146946210178
27.259209694806884
34.32586149213784
97.51682093602469
42.51123301985371
83.20271682340648
98.10161964472309
46.97150515918187
97.12481180920207
42.00427238316531
95.47183600044973
0.00122684333210649
27.4078027235922
84.52962826647037
94.82223040117778
99.69341185130659
11.966609452339135
33.22239741338017
45.71316661344404
83.11861328436852
84.49075922082069
98.64456929586461
38.03975325565456
72.83481836874572
89.92460589444825
98.10349554489376
0.0011052166224580018
38.616379310344826
43.96551724137931
50.50862068965518
59.217506631299734
73.53017241379311
91.69993368700266
96.76193633952255
30.493595012629818
93.331907083582
95.29074851838924
97.54797641433306
34.591039406374726
42.2860569265651
63.734892349204564
66.8585455431259
90.08076151929095
92.69098881331159
95.77716566417449
99.8748290141848
19.125332355368112
52.23613034603562
63.84938692196706
88.75709949670178
97.78847963403513
15.222289691720153
44.27878173505899
93.67632372645747
93.26129576437332
95.44521953221174
29.969833564493754
33.183079056865466
83.76074895977808
87.21671289875174
98.72815533980581
29.45867568873852
0.0178903678259625
3.7516101331043363
97.85852297123228
31.95798319327731
75.40106951871658
88.77005347593582
62.64281993401632
98.56175427281522
0.019957689697840578
97.40150880134115
0.0020837631094746626
23.44233498158995
81.12110622815955
84.2048672538711
96.02042921352529
39.96369294605809
70.94579875518673
71.30005186721992
78.95928423236515
84.92401452282158
93.69813278008299
96.25726141078839
7.657258064516129
32.524193548387096
36.95967741935484
98.65725806451613
8.155261125849586
41.89634477327809
96.17810533719677
12.18128578964671
54.868156484376804
72.12058196163579
89.31986989659691
36.36347886347886
37.05590205590205
83.46846846846847
97.69404019404018
0.01742190630498789
35.879780318519806
93.36646281643392
15.497993601006653
16.11180591254709
45.85638326440733
72.76207867539304
96.80357238765318
0.0018867888928511456
58.981020790526806
98.13264503274522
3.9886319548643736
4.908078697536145
7.494869889170909
27.28284088943735
39.98120907012943
69.07115779239294
96.41616767866576
28.049565750003925
35.09588051450379
75.86669388908956
86.39988692224333
95.69739135897476
0.014163904705249144
91.08098920710461
94.33585450837087
0.014005602240896359
95.23529411764706
0.026812526812526813
6.955976813410622
18.691453418425713
32.94895935252543
33.559661719366595
41.76748970585193
55.67027984120556
65.28721633820969
69.86896207201322
74.00731305738415
78.64788249447975
82.25800253621797
97.06383997587933
0.021412817712682813
92.71535941414531
0.024814511526340604
96.77659495272836
0.018832391713747645
0.03891353412716943
44.79779191167646
0.02518764797743187
0.03377921902445615
0.02353384166431328
3.0570460321942954
90.609997175939
96.06749505789325
0.032577534532186606
0.028487593652964136
94.59020596530212
0.034485136905993516
96.20318642665012
0.01564945226917058
8.605633802816902
0.03944773175542406
94.67455621301775
0.037874483960156045
32.05976911702864
63.056689773050984
95.95276530515348
96.29108806468624
0.001271299026057816
49.07188814602649
86.46066537248426
97.53584109779213
26.89981154292618
34.68500945069078
36.670628811941
74.36788936428447
81.16347885634116
84.00648047367588
97.16061720387604
98.9146320076385
17.774746425674174
21.270791027886716
73.16271643595667
85.29088062500968
98.62245715201026
93.71760640804146
0.0012481262504664872
32.663713599958065
39.42830825223633
61.071191873200355
94.19658737320597
95.55654573571425
99.06390531215013
99.23876779984049
22.13288192975032
51.86923402454507
67.96445196783749
98.5327972915785
0.001370991734290834
5.5113867718491525
26.816598322728712
95.03728412021404
51.42164758322344
84.12027192081791
96.99855475155839
97.45354037206631
0.004161205084992614
40.173522252044194
95.18631795768053
28.203556100551808
45.37093807480073
96.1128142244022
23.72671414265826
43.69628856842788
45.52252085652178
94.34719348501923
98.4295239723518
99.84856996311944
42.50440530565369
53.95951502187311
58.094803931022994
59.99456459799942
63.31059815722338
69.09754793235554
95.4110303593502
0.001944020000077761
31.3374079992535
96.25815030385033
34.76094645688499
97.08501036711795
17.00640463909947
21.97602818276452
31.170125799109584
38.93332470755677
85.60073632765403
99.22544447254356
41.39637296884798
65.7969309736406
36.495094222083786
45.06073820277216
46.17582931007631
50.04360691481078
57.389814670612054
64.70954679956394
97.90764678399003
46.31162899222942
97.57408206121713
0.002337082012881996
53.21535743332305
94.2542838713296
98.01721962027091
0.01210712383166255
98.91035885515036
0.0014192429474269835
42.61943993834809
78.12932425585544
78.56957341814729
97.48708843728578
99.73005999139939
97.16420444897267
17.69756445242251
76.04808399850852
91.67769334076876
94.306606435178
98.80515949355392
0.0013354272833135691
27.46987276048845
38.38018012243197
84.4392006666453
97.52652158584661
98.40790359283356
0.02673725301462528
0.02747554676338059
14.556544675239039
95.342894823607
0.0019721065253060707
15.559920484664898
34.76843525179856
39.4026883756153
78.6675265051117
85.76710999621355
98.64457118515713
0.0018807739761066474
26.744041708043692
96.08817820709578
99.90633745598988
0.0009001710324961742
26.05103969754253
38.90521199027815
41.041857953011075
49.28463408047529
55.97272481771537
62.07588441803943
66.87361598703754
76.10964083175803
86.82149608425601
92.85255198487712
93.71671617607345
95.75101269241156
97.53362138806374
91.62770562770562
0.04366430879399179
27.72781630141007
35.656870518251154
83.91498420847442
97.49438207169047
31.453804627143665
36.003651060575535
48.078053754466175
60.76877849821353
66.00443225596895
97.91009674488214
98.06008203081699
28.61339744311644
49.632527554312965
98.08747851718381
18.92202409500562
55.382005340129005
58.316212946591556
76.78511349563699
97.1388075620808
98.43912181363952
6.417314590271352
42.42182697568851
63.85835973439073
89.25741537588577
89.64042773090512
91.9141836162581
92.38703837554125
93.65079365079364
22.87311230262187
27.91517044616066
88.74821683309558
95.38897633921984
26.105327238771316
97.73001640579051
44.100726239343224
78.93937480265235
80.30723081780866
88.05399431638774
98.50552573413324
0.0026295375958137763
16.854021220368402
39.047844436555835
96.89819745197808
23.024086322923765
28.628548388645154
58.2233336853322
96.81569018979138
98.15956565749516
0.001696085265598472
20.132192885600745
47.89727829197429
50.237367132920504
95.47246999201144
97.23198884654329
0.0008034780959818864
23.68661461735561
35.97163400929946
68.7453448487814
97.94389955238236
0.019492037502680155
96.48558563826677
0.0008816243046188296
28.811394112512893
53.4296067073977
91.10740828903171
98.56568541881562
50.9248919745594
98.07253483517017
0.04032095480020967
95.97193661545906
0.0028799935488144504
29.635133617300696
97.28531808088749
31.452083327405223
70.80524595015267
71.05621839724785
97.2208073800696
0.0016883364651974764
39.52429431756596
94.12408260017322
99.73003499921492
39.55215710712692
94.45880738039698
98.19279644959452
0.002014914396361871
35.19551721845097
43.84433577339466
44.38836266041237
95.33164483506918
0.02129789363831917
0.014641074069193715
13.176966662274344
40.99793560855625
98.5329643782668
0.0019146194598092655
55.907271150322515
76.29739401145325
94.7730888747207
13.302410392237764
33.82934263239855
42.6137649235356
95.3196331838207
99.75709741391933
0.003192175339807065
70.10208576736703
88.52061826051981
14.539894286433425
23.370249181978355
81.97835388874906
98.64913163856028
25.63005553031793
31.5058276322659
97.2967108965536
40.102452986651684
42.8443410106198
96.38873284648102
0.043105306263201
45.49978671974975
90.9995734394995
0.027396509684666174
94.79740281088189
0.024154589371980676
70.95197847143287
75.2916945974566
91.54790009035004
31.36589691198581
33.92703393859953
89.24849325982754
97.98758626007171
34.188817598533454
42.62144821264894
93.98166819431714
99.9083409715857
41.73953857415054
98.09964965608184
20.747740717889158
70.04681885820055
97.12553986861684
0.0026075687289927748
50.87340514577613
54.81135544030103
91.26516627162
93.3248848106514
0.01607665348381081
92.4375422012154
0.021178812715759155
49.3568855219733
93.88220082272773
94.22995709094322
98.61001767456897
0.0018043962309771525
28.797622527526062
90.25571903385408
98.15843320666471
31.049043689454365
98.16051665608698
27.86084331538361
89.02816158154262
92.98315298496877
37.450646662113705
45.96956633088611
57.351513146662114
87.49733225200613
98.3462630186102
99.28877838483865
0.0008278138842600296
23.881768309794445
24.52845651617838
54.139276374771214
62.491835685566485
80.6212080950264
98.55190517226393
0.0018867888928511456
46.75462876485138
86.86625119575245
96.03774332501258
96.28301886792453
25.094682839135096
43.130964308300115
67.58649357293599
80.94512303439848
81.73882458272047
87.885215265787
93.21410045973582
97.33537976167636
0.002526534933135253
59.374834196145024
93.9120614251173
97.29711292853192
30.212531149875403
33.15557137771449
33.7251690993236
37.5938056247775
42.909576361694555
43.11178355286579
57.87362050551798
59.79636881452474
97.7689569241723
43.51766071409556
45.66441981066777
98.37502262828909
95.86307056190492
96.98319541762179
0.025513458349279247
96.17298124760812
26.690285841479476
30.276443273790754
81.3890795323156
98.24834758521762
40.85631349782293
60.99419448476052
86.79245283018868
97.43650217706822
99.06857764876632
18.072549613039907
32.69358813610619
41.138830040209264
60.99831380517965
74.8192745038696
92.94954386268321
95.17640191966795
97.77768169830084
0.011257688489525233
0.8412563580354311
46.04292249593188
95.63338143436597
0.00118721558766578
1.163589997471231
2.148741492116295
25.06259594185968
28.82583191164267
97.17418945823792
0.025771867429513942
10.051028297510438
0.047382136934375735
36.98880860231454
39.46635907799661
42.39004022802234
80.52086709500296
94.02585270061581
0.04545661166416655
93.64516568934951
0.0013584981531217608
29.95529182578077
95.8283238713937
0.03289257285704888
95.06611407144267
0.010988769477593899
98.23959912968947
0.017793910923681915
93.95184967704051
0.02140044512925869
23.167494253150963
29.674254719656336
39.015825706063005
66.63901341233114
67.42336026257519
83.78393054306969
97.329298974919
25.879721729186276
39.271206832882655
98.25693592385672
99.22451070318178
24.25624109058909
29.402213908201546
30.345517890869043
58.710251805040215
59.988060746100444
86.79991971880999
99.39943494393182
92.62779744920759
97.07736028510203
99.71294991233799
0.0013644873075390651
47.14317292420546
66.5052478181848
66.9145940104465
96.37401142894568
0.001100593109626778
43.09911611367366
43.924891123826626
98.54688691735976
23.35995305637819
33.09922646935675
37.91767140075977
96.5159030687559
0.02617869577737637
96.07319563339354
91.50382691238723
0.001296169559717124
68.83943569962048
70.21363466683258
97.5366297517576
57.14860105182461
97.40903754295486
0.0013152720179823991
69.06085632100003
92.83163597479412
99.14494166110964
93.91591828678575
0.019417098697112677
0.026604943198446272
94.96368425253412
63.489341832085216
77.80751280963415
98.87004089543171
82.36120401337793
82.99293942772204
96.80453363062058
0.03003003003003003
96.09009009009009
0.0013732509932037808
49.148653046763314
66.23203272731767
96.78576872530724
99.17687335467366
48.63095318243634
98.41787065587677
0.001177020325964009
39.66582038905229
52.0534885116931
86.69919950847631
97.49294670569667
36.35760579489135
97.61075104841784
37.11372102520946
61.45275134174061
78.4760466814351
93.71227965958359
96.8887293788597
97.3561212661246
98.02977612217367
0.0010391758919506475
62.599955731107
83.92384503393428
88.51658680599935
95.5107601467732
32.25667618962121
53.776001098396236
97.78182048614595
55.05038151073517
98.66753989358205
28.401157279568743
37.98086037636315
60.44670112128631
97.74066716672574
37.431554631944124
97.94843044601721
50.39017248215263
83.7343593219438
99.11377797269789
84.51006674217156
29.52522255192878
46.868818001978234
66.27342290361578
66.98160512144192
98.58226178700957
0.0012978602178588161
38.053521159664065
65.64538046123357
98.30045204471388
0.031249023468016626
36.62543022274174
37.98915513994415
38.34632118968764
96.94330800701344
0.04316112046268721
95.81768742716561
96.33995037220843
0.0012878316649474115
22.691851502706378
60.95320148512748
97.45009330340413
92.00298003016371
0.0017887007771904878
60.54734243782029
74.35593356765312
95.99903410158032
96.58984196828634
91.97685185185185
0.0022527545556329
72.51684497218974
77.99036271601099
0.013146132407845613
0.001360460924161106
55.044385037650756
71.22012937983389
96.82468420300798
36.24288708448874
51.5184176594463
92.44923257677965
95.909233472895
48.036835140286755
61.756225187271596
62.13046487063993
96.17504583146162
98.27965083103669
40.40693741060038
97.07494104457417
36.118507967963005
42.23089202653235
71.65765282250295
73.3608221176341
97.37497591721025
33.673689801699716
72.81639518413597
97.39730878186968
45.964570806251665
96.70246660410366
99.84590965439736
88.04387096774194
0.019561815336463225
0.008057758009411461
96.77528524463354
0.001255440766421479
72.76534682178892
77.37268889047911
78.6400563441816
82.39432641208839
97.93718527669287
47.240844058879404
48.46240846165025
92.64934151360254
96.72810293154394
0.0015332720024532351
96.6177552897884
96.8642650044354
52.75125069483046
95.34936075597554
30.3880534019365
30.5553741100096
47.41038125338117
47.68941658836594
47.81235292442766
81.74546148860159
97.08721277867943
44.65065135078788
44.89410926014352
53.248010975781995
95.259296124177
98.12833325487085
96.40622561468724
0.0008571161640966038
46.9186245342645
75.05766248993959
92.36309497789925
94.47497241770837
0.001893584346874355
96.74379235711487
74.61937471231809
86.35502602414758
89.40179867577807
0.0019190174630589138
96.08462867012089
19.507794214534297
35.56630968326544
51.59218026309802
55.66784518013054
95.42852846733236
96.55645884073053
98.71933111611885
0.02800885079685181
94.10973867742207
0.0008859781553226025
43.0316932105722
48.87117523230348
96.89951944544856
98.32576707988689
0.02680821403678087
96.7830143155863
0.040160642570281124
87.144578313253
0.030673905708413853
86.50961626943958
99.07978282874758
0.014005602240896359
0.020619406985855085
95.66992453297043
0.03194990255279721
98.09259081759801
0.07999360051195904
0.039701445132602826
93.29442591710338
0.06944444444444445
0.10101010101010101
0.02577386015103482
98.94842650583777
0.0075471128519784755
95.69588154051668
97.33443853066923
0.0008954940530239939
23.730771503946443
58.4758512118721
59.56817485775077
97.20632720278104
99.92800227813687
0.0010075150547937063
46.24494101503112
47.463933479826025
96.90249571554222
35.40700975015571
39.07778629025591
71.16483770868585
76.87851713855804
97.07908704590676
0.001031908680209436
26.42759406363574
99.40376316457498
0.0064309095235339135
93.12021299172342
0.0012283397636919963
46.86828635547907
95.07423471361874
99.8404386646964
63.51300489293001
97.29261645824313
0.0012633009801952305
55.34546860254909
55.74947225601552
56.50745284413266
95.05076574988914
95.30355227602621
98.13347280176154
0.04740235115661737
91.96530147895335
0.0006680040106960802
23.640327936528934
51.32936138148574
56.773460467856644
79.2785155882076
81.46268830198056
97.68877292339263
98.32985637245767
45.91042194700967
48.13704225797721
68.16256367170884
97.66791930171162
0.0010414388519178095
26.598244134095662
60.22588808698097
97.74924235323523
95.78353658536585
0.02414759007051096
0.025208601174720815
0.001122659535533297
59.2366813286002
96.2120344611571
98.70433863004102
91.5117132908544
96.74301821541086
97.49330838287894
0.011293692472753967
69.90682703709977
93.95507758826008
0.0005399291073082104
10.226203299506775
15.596284207883505
35.64601167866659
57.44851101050432
79.7097341119111
80.24426392814622
98.09966551391803
23.273468884155214
24.519263917667935
67.32301037497233
98.65985404638437
21.698257328201326
31.123291142070414
47.94005536904624
97.9700500408002
0.0011887779362815027
17.283523537803138
45.47039942938659
56.752139800285306
96.67118402282453
99.85699001426532
0.001270814350543972
50.883533677215695
92.64236615465556
97.96720536486986
19.464222896099674
32.664650971556135
46.01351020389988
61.83137329990664
95.80741354256189
98.0337324647142
98.53350016995368
98.99304303167669
99.49310759922993
68.64375
88.325
0.006376046468626664
95.25048298552001
0.007571971589962594
90.02771341601925
91.31797737494888
0.002187714669501945
96.49987530026385
30.48511446869791
53.73470309179964
74.46510304215623
96.30499023180474
96.35527557437631
0.0009699593878004329
23.05612863989385
36.70345722624594
37.118114864530625
74.5324553260955
93.4361878268157
0.0008063703255720189
15.911702449349864
28.652192319322648
41.26374357423647
50.18228001209555
50.5124886604173
51.07735107348049
75.6959177502268
80.09047475052917
98.69343816147565
99.02752115141496
0.014514841425357427
4.641846287829305
97.34813847158719
52.198433130220586
94.57985294390014
0.0012703348856825637
0.9020648023231886
36.17862941028514
70.23681582938895
78.22658709288943
80.1576231526155
99.58117058819046
0.0015445470538537221
35.53168715508333
94.16207550054908
0.0008707016723567021
72.98169175593536
95.47191595290897
85.84848484848484
0.0007578616781179566
0.8337236320975641
36.50627282110978
45.6535874898257
46.866090388646626
48.094053665701146
72.8001928000109
76.2940109223025
84.21358967246734
92.0574580409882
93.71717511606651
99.56801884347276
96.740562339877
42.56093008713186
66.51070563724943
75.67805559720898
83.32418730637808
97.27740856897647
99.96283097185045
31.06857063561814
31.42110445177192
66.8383630800949
72.58231846325653
96.74063158729426
34.16045073235399
51.11886817628146
92.20945797626683
0.0008557958344993552
30.600948392943792
63.44887432894909
86.29862311008186
94.84802349673042
59.404403244495946
59.829663962920044
0.0016827113190942301
95.52785812724326
0.008012820512820512
86.3798076923077
94.79326923076923
0.01058772459210791
4.338849537845822
87.13273830321126
0.0006881606772602122
75.62527999537556
97.10951870730393
47.450867269512
0.001673712998389888
50.328884604183614
60.99026903262736
84.20500306289479
98.18033922815052
0.0005100474242095029
11.394510461582719
13.27153598741611
34.09172284839044
51.249667194055704
51.836017712926946
62.078178028993136
70.67742458693809
83.41830723420664
97.8424993955938
4.665973665973666
94.82536382536382
94.96465696465698
0.0008249191579225236
20.246733320134627
97.97416353197387
99.31523460700852
0.0007675186123263489
20.638728989177988
31.658991480543406
59.97121805203776
75.07114897536265
96.97605341929541
26.973762036577
90.6948683370005
94.05009405009406
31.840238247299585
61.517368727959344
61.87591980673645
94.87303196068086
0.0029213883606044933
95.29714901709887
0.004025764895330112
94.80676328502416
0.003677795676383403
96.32146876448132
0.0011229658876652305
50.9825390034127
74.91316666273629
94.19471554712584
96.21605414492325
0.0028026984380561605
3.363238125667393
49.38326620870574
53.92363767835673
93.80575618205208
99.0465219913733
0.026524495371475557
33.072966098477664
94.38422990774838
94.74820621844273
97.50056945446262
0.0029463325525552067
88.56764042957528
0.0012040910196483572
48.34160543863832
96.89308394200134
0.0024993501689560714
3.59981404834743
92.12629716273769
0.0007259032777436603
62.601535720974404
73.96221237897377
98.52569044290263
0.0022988505747126436
21.173103448275864
93.74758620689656
95.60965517241381
0.0008977466558937068
24.06867761917587
59.287368704551575
96.44492324266092
99.36277942364664
97.73093896017207
92.92711642268476
0.0009495729295749237
66.73636531969747
81.6157932969647
88.17753215491334
98.94597404817183
0.0012776287210936501
42.264085856650055
95.89229589881181
87.59654336498426
0.0016458223268965223
31.567201394340678
34.34600781107277
98.42001056617934
0.0008496183938983806
28.020074783411033
64.54516953710241
97.06015043343282
77.19092873029894
93.11779667330019
5.349849283199496
45.939245126186506
96.22610864030038
97.77053785117492
0.0023419094055765546
97.1124257029241
0.0007506374788789379
26.647780627698072
40.113991807542554
46.29211357745565
83.72610439415674
86.10052086734659
97.89806493164319
99.76715225405175
63.11491814433815
92.39482848336868
0.0022893772893772895
97.3440934065934
92.1794074994821
0.0031023624490049174
96.86723439899484
41.02507876146725
68.56952521060886
96.53005426561003
88.93588576302051
0.001611606142797974
38.56541267592696
42.57831197149391
94.00482514879154
94.58500336019881
0.005082153003298317
81.21178856210645
82.76997667291771
0.0004556890268715262
16.850468835655295
33.610847950698094
42.97457391936765
53.63386936033564
53.779598711129154
58.34109143901582
84.57948333066754
98.30962155482007
5.677739946627405
95.70258581025122
0.002283120660643794
1.0267193610915142
67.07785669764861
95.63969616230247
99.54383249200336
0.0014821270301434994
35.8387208650879
87.77200736320708
96.91643471378644
0.016365540717465307
73.97388059701493
79.37450903377848
0.0009203272683766347
0.23937712250476267
40.30094701675915
64.85518650432093
68.15925343051988
96.61586460145227
98.78792898754797
0.0016683851033230895
12.497372293462266
38.67483508013254
73.82704185310871
94.4322652331902
97.63506411603953
0.002957731065345153
9.522710937985252
59.27293054951686
96.21469578257128
0.00122475174282173
56.8282359165797
69.96994459223116
93.8772210872856
98.32306991372849
0.0048007220285931
97.8396750871331
0.0017074490881368147
6.864457569036436
33.89303514442458
60.887805227867624
81.8725252659779
83.95578389841361
98.7931749845049
21.247247830938903
21.247247830938903
46.915057255170055
96.01073722943288
10.585295380891024
43.622531984954385
96.70258873140449
5.987888574888979
39.34840532902705
54.33992733144933
60.89301574485265
70.71699636657247
89.7993540573274
96.9850625756964
0.002051269428085571
6.502729213974068
34.195481873957704
38.70806948880315
94.31757343031735
95.5483350871687
95.8357179340435
0.0012840217616008156
52.01597836680136
60.15616272664589
96.82820944449367
96.99500387132561
0.004814659675780818
41.55099446795604
45.5476434648217
54.85852611386421
65.87118530528976
94.54505317164889
0.0011362835800204985
3.806663621426672
32.917908056477835
63.02965018373705
77.23296767727727
97.47029186580035
5.880260649346954
34.596505705261364
97.36362860313575
9.173068153607517
13.87422156568956
14.424957788040503
39.45070752350049
39.996689948535746
48.04275600519045
48.406509533124286
58.37786350263308
58.917859664381915
62.450811402775166
0.0016322666470794669
7.671816467938203
28.12428078250863
72.09754425482949
91.55448914134614
97.82239306613128
6.328423349699945
48.662847790507364
97.59956355701037
7.579364085089324
48.35759565032197
95.29515672371026
0.0015659230098292987
8.09566536851649
39.58622050388271
69.40202098023649
95.80348292595846
18.408348048239848
91.254649284292
92.90021414885224
94.45655032498027
0.002387774594078319
35.05229226361031
44.72349570200573
94.4054441260745
21.50699916941839
47.978242813443266
97.34011304013127
7.755701142018401
59.022661368274086
70.90752872945978
71.62281172806358
92.19632692514232
98.73626176923352
12.135933806146571
49.410165484633566
94.28841607565012
0.0013777919231081884
2.810282185563772
33.549371106876706
44.668151926359776
92.44997581975176
98.45659748773421
99.88963886695903
21.203880855031223
87.50376334165314
99.35221964318664
79.11640257834809
89.20290117397035
90.25357589282862
98.80015672812993
18.669421271476764
93.46347969350663
0.0013051371503374433
1.5794769793383738
45.17092728689394
56.486857921464676
67.39754347085564
96.73689609672633
5.2234977233373945
6.261967366309058
10.018231624080402
22.5389597896492
78.53203360482266
97.8323606746617
0.015432813247526891
97.06930876429463
5.879828326180258
54.563519313304724
54.92103004291845
61.01587982832618
64.26995708154506
97.46824034334765
0.001178197687433579
3.9467266133650027
0.0014214277388780387
6.737141053960239
49.08189982345867
62.07346507125616
66.86396083682294
89.39344835526596
97.1830145070915
4.130651927815142
10.51208630219085
13.408803356196312
17.737231138043548
40.400879003795694
92.76420057268429
97.85176799627088
6.649093305458346
43.091598620390144
76.25172324985986
80.69606669797552
98.89257525488948
56.07910104779373
68.1276748255434
94.02736491472182
1.3680113234253362
7.006369426751593
13.658174097664544
39.867657466383584
57.27742392073601
65.58174097664543
95.30502476999293
48.764567484185186
57.06425713841056
96.9175981617277
4.340074916370095
49.054197520147966
95.8609039374495
0.01582328554701098
25.00237349283205
54.74698566410329
97.78315769486376
13.544576634302942
13.762071278334538
18.38513482714385
37.80141566873091
39.776449367377104
65.07485332135158
68.58048929783091
97.69937551687538
0.0010067725590044228
2.1039532938074426
30.082364063052154
59.861488231332174
85.33424345572668
85.44478708270536
87.67982216369518
96.7706763397374
97.93863318543845
98.02048379448551
4.462530508361903
99.11395169944635
8.59482100610254
36.81004659499569
76.02541269039581
82.27833199788861
84.49377784022512
99.12658117288757
0.002715170471978083
4.290240862772569
39.06831640424544
55.444867105981245
60.05929932310799
66.73861868417407
97.1759511920956
0.0012883294103702787
6.158085748628896
46.35357685335848
97.15227667131754
2.682796167132448
53.254533123269816
83.28649127946102
84.07818796462699
0.0013099378434493283
2.6459434499832986
15.143143457842926
17.133986992317215
39.97917198828916
90.11023126952627
95.66462971332011
98.73027724834456
28.745458222167137
40.052120366081965
68.22125388945786
70.43946796782757
91.47711335364222
97.78243824160626
0.0024809709527920847
9.13394265979934
35.70142010777338
50.562684212093245
84.20465033195391
86.23879841614814
98.76819792193874
1.6580406868364073
17.754466404992645
40.52473745759375
92.85954125997198
99.03435339886761
2.0498518019713785
4.854744722930662
27.200568401741258
42.77117057884718
44.149756891605996
95.69881070419248
95.85798816568047
6.578902695728933
31.745263801181505
98.49893053575066
19.396603838624458
73.23818662166578
73.7611676909344
97.22200070485398
99.29720399348653
7.910062333036509
21.282279608192344
46.5120213713268
59.18655387355298
95.94790739091718
98.27827248441675
0.0014407311998985725
7.001953631507062
20.15568541346104
96.8024877898921