60.45003040745996
85.95175349685789
98.72288668153253
45.67093127045522
99.91074085093722
39.37442502299908
75.41069785779997
96.885267446445
17.179065946960808
99.97653133067355
61.9313801079414
99.92289899768697
38.61074270557029
97.57957559681698
27.088270142180093
48.26137689614936
56.82613768961494
97.12952158693116
63.79734382685686
99.9508116084604
36.20637329286798
75.8421851289833
38.1461969048403
99.88475469213039
51.44054478784704
99.9476165531692
18.511198945981555
64.7167325428195
99.1304347826087
34.71103954195742
97.22669529432814
47.33025708635465
80.00439463854099
99.9780268072951
87.9947722180732
34.132880492464444
99.63914243260454
47.011429642121044
99.85010305415027
99.8663101604278
36.495285136955545
49.326448136506514
98.18140996856758
35.09895227008149
43.058789289871946
85.4336437718277
38.25104104699584
91.73111243307555
23.16176470588235
96.23161764705883
48.696528878006625
95.67910125306064
30.639204545454547
38.94886363636363
46.36363636363637
54.7886393659181
99.9009247027741
45.5137902944257
79.80914698010008
99.96508786221342
98.83284278899828
39.46370530877573
50.21668472372698
99.23257493680029
50.3684111090119
96.10806725864349
41.24582869855395
98.68743047830924
32.08
99.376
53.233774983157424
66.58432517403998
75.82528632382663
99.62946328317987
34.39340400471143
31.999023675860386
66.86599951183793
23.098845057747113
99.9550022498875
19.879267277268944
39.474639874107254
55.16281321873865
60.24694346931364
88.33071056772788
98.28107977242465
99.13199228437585
51.49929563292413
82.20970014087341
36.950439648281375
99.92006394884093
75.50744248985114
97.7769186158902
37.56653992395437
99.96197718631178
96.75200611387085
50.231347599768654
98.1203007518797
19.762045397012912
61.40410091975361
95.58687030630327
99.07180828622057
44.399677679290896
98.10636583400483
64.6928746928747
86.007371007371
75.2486187845304
96.85082872928177
28.67842097051022
96.97300670931503
38.90120719389012
99.9260901699926
36.89456198636125
98.05910124147579
40.34123770965876
97.48409485251591
44.02017291066282
99.71181556195965
32.53993109927968
56.46727215784529
52.29211858279103
99.88430947216197
99.44674965421854
33.256911665542816
97.76129467296022
32.04772475027747
67.45283018867924
97.57214206437293
55.739036275040604
65.1200556779956
95.98654448439856
60.81056299284797
97.48762149275628
34.454314720812185
85.9517766497462
98.66751269035532
58.468255412042936
97.07112970711297
52.69129287598945
99.86807387862797
44.22889214250854
57.831566313262655
34.62712603576101
99.95638901003053
56.49599442702891
97.4921630094044
94.14281893554427
58.65534738485558
94.14519906323186
23.208502024291498
98.8663967611336
41.27745518808382
95.05175460742237
61.31123919308357
99.85590778097983
43.81202568593112
93.92877991827204
46.6787838730998
97.52148050231328
99.78206202849958
99.35622317596567
38.67403314917127
25.566343042071196
87.91801510248112
98.43581445523193
67.81529979324604
99.94831150930393
99.68963376784606
66.68096054888508
21.354166666666668
83.25407608695652
43.35532516493874
99.87433239082627
95.46428571428571
46.47632815323455
97.18106252258764
39.90354371985741
99.91612497378905
52.38317757009346
96.3785046728972
76.60268018833756
99.11264034770011
42.79512969825304
79.03652726310217
81.20698782424563
53.93689177233854
45.157200811359026
99.94929006085192
99.79536152796726
39.99216096158871
92.64214046822742
57.48314606741573
99.86516853932584
51.70789163722026
99.91166077738517
30.00896860986547
51.73991031390135
84.9237668161435
99.21973094170404
99.37888198757764
43.01982285955293
98.39730071699705
98.72354719516292
97.7854548675702
40.79706345044573
98.34819087572103
33.333333333333336
99.30728733721253
40.67471201316511
99.91771804717499
34.77609455635093
2.5
95.84627329192547
44.37449772301098
55.75944280739352
98.94186980980444
54.02568283734203
98.61394211169996
32.86555002263468
96.78587596197374
49.2785084918912
86.91099476439791
97.99514749074193
36.682482091357336
75.63494278537539
19.537452537107352
33.169934640522875
43.23804948354552
90.51165025222195
22.24884792626728
98.3778801843318
30.61830173124485
87.5515251442704
99.35696619950537
40.55437100213219
37.55509162607284
97.91231732776617
22.56054383231837
99.91502620025493
27.61627906976744
96.52547065337762
52.42531320269836
99.88756826212656
24.40752788104089
99.76765799256506
63.59936037214712
99.72379706352667
31.474258970358814
96.704368174727
31.81461885165589
39.61395257691554
42.859458583238776
99.52990760252877
99.8961038961039
47.83427495291902
99.95291902071563
95.1472320376914
98.2567726737338
43.02788844621514
98.79055207740467
45.26710402999063
99.12527335207747
28.083891784561928
88.7813353189377
19.40314943288184
38.65750101091791
51.298813005332875
95.6132805780148
93.6574074074074
35.53471667996808
27.070245573957738
97.39196649533599
39.36692741495361
94.21502637802438
39.45456577623784
97.79814462948474
36.63250366032211
99.95607613469986
33.23279407732383
61.59857417055114
98.64272004387168
99.68225147526101
50.72060268588274
99.91811333114968
19.806820891962793
56.14118769377534
77.60553303124254
98.652516098259
92.4847664184157
96.32137215075603
30.093155123531794
96.96233292831106
26.924404556437693
99.10251984811875
44.33564961044431
39.59053443233183
98.35150226003722
97.43589743589743
48.4967543559959
98.90673044072429
36.99268665112915
69.14731174154143
98.5453668729406
52.60904468825261
99.46481134599946
30.181498829039814
98.711943793911
34.02457757296467
77.75217613927292
94.34203789042499
41.11603188662533
98.67139061116032
39.32909196067091
44.686868686868685
95.55555555555556
23.835732430143945
56.61993769470405
99.57165109034268
46.085571233500225
99.15794264906691
99.84116899618806
23.96305625524769
99.151973131822
26.894535642005845
99.88756465032606
91.3961038961039
97.71761020362497
73.62422663627483
94.98534679257571
33.11827956989247
34.55913978494624
90.36559139784946
35.055467511885894
45.64183835182251
99.23930269413628
43.31481481481482
99.94444444444444
39.373040752351095
99.15360501567397
22.09477814669484
52.807803849195885
51.24978150672959
29.048140043763677
59.36670458854759
99.94311717861206
99.49840401276789
28.68632707774799
90.61662198391421
94.31252393718881
36.64115343538626
24.68074451214423
54.427844086470245
99.65779150321342
49.86491702045542
98.49478965650329
29.452783358941023
98.29807351376905
59.979633401221996
95.44297352342159
99.89816700610999
43.871583721207784
98.92588614393125
44.614835948644796
99.91084165477889
98.97352782279849
28.176795580110497
41.21351580477171
98.87368293569092
18.611851105191157
41.529267765857874
61.27870977032184
98.17841457268342
49.1398478642481
25.48831635710006
29.406830437387658
98.75374475733972
0.0016758840288252053
1.8434724317077258
96.06167253226077
0.013812154696132596
0.001138433515482696
0.006901311249137336
91.99447895100069
0.0020173492031470646
0.006600660066006601
99.47194719471948
0.04219409282700422
94.09282700421942
0.0036443148688046646
97.52186588921283
0.002828054298642534
97.62443438914028
19.626397935357012
63.88103723731105
0.00458295142071494
99.77085242896425
77.81959603562916
99.91218165851211
0.0024224806201550387
0.0017250301880282904
83.16370536484388
97.13644988787304
0.5555555555555556
51.84098577086695
0.0022026431718061676
0.0015446400988569664
72.13469261662033
98.65616311399444
99.9330655957162
98.5349476040289
38.53545059168605
28.50161445152282
99.720743520377
94.89531405782652
43.30970314576872
99.00310146211785
38.150826446280995
97.03512396694215
69.10590391412488
98.01021076057076
56.353488372093025
98.34418604651162
69.54334877564527
93.27597617471874
99.93381866313699
99.4146667781587
82.52325429058037
97.74662649023975
49.763691965526824
67.29218793438977
98.26244092299139
48.275862068965516
99.14942528735632
40.0023832221163
52.716873212583415
88.38179218303146
99.46377502383223
34.51011503371678
99.90744413592489
35.43626103313558
99.95659094197656
99.0553019849273
53.25758269953267
99.14780536974251
54.19813016900395
98.8403451995685
36.50132525558501
98.32449829609996
37.87323943661972
98.53521126760563
50.52421736562315
84.16272888363851
99.39456585942115
60.07175807278319
99.98291474457542
17.11225212464589
99.63703966005666
26.967912510515564
68.17690181468573
98.81023915394785
38.20606694560669
99.68619246861925
98.93054148373297
99.53751284686537
60.45024763619991
97.65871229176047
97.20845554768889
37.752959144711724
76.97594501718213
98.13860252004582
94.73337722185649
94.84485103226604
22.6314419573139
98.07391983342009
45.75471698113208
78.97274633123689
79.45315641334942
98.03645623911004
99.74093264248705
97.40119112073633
98.01219512195122
60.486832441506664
98.22683873675375
97.33634311512415
98.16132858837486
94.49404761904762
97.12486308871851
92.2978451034777
99.25325368039258
95.50870760769936
35.767253044654936
98.39783491204331
35.593076531478026
96.674020023757
99.05780494015788
31.518090264826558
98.49558622404575
45.86583463338533
97.46789871594864
93.48580238982397
60.35729476818375
98.98979157805189
61.63385129321253
98.50685832869362
93.11424100156495
99.80379332897319
93.87596899224806
96.85437747470304
38.95271395271395
98.05194805194805
74.88096110175078
97.23829756061826
37.38565948657421
98.51480279335104
75.83838383838383
98.44040404040405
34.60105281835926
98.19601348553853
95.75253924284395
99.96175420703723
94.9820788530466
95.9534028203556
32.506953682428346
72.40899746039425
97.65993469585197
7.698502174263166
38.717990014495086
49.75841520373651
97.67273312932839
97.3635153129161
43.265306122448976
67.43823845327604
98.38345864661655
44.94290375203915
98.30342577487765
28.36410077789388
96.81876233600372
93.28143021914649
26.64987843001042
96.14449461618618
87.17523493642896
86.89265536723164
12.044873056484944
96.25149088430737
90.9090909090909
52.09866976624048
97.97236213353997
90.28077753779698
75.74001241978887
97.25384668460636
45.52
96.83636363636364
85.83783783783784
98.88532342509711
62.2267620020429
97.9826353421859
97.38025112385677
95.66675264379676
20.389310458594522
98.27614648630815
75.81157511427908
97.7686526690943
97.27810650887574
52.94826627109216
95.58687187094381
29.004665629860032
99.4556765163297
62.54929250753885
95.58107167710509
96.1901949202599
96.12719119445576
97.95766802822132
94.78624745532684
44.17372881355932
95.44491525423729
96.75174013921114
34.03586033343819
95.28153507392261
90.68435333132348
48.90484302750061
97.96787539547336
46.42775752051048
96.91773017319963
92.82647133114423
98.726717112922
98.92573563755255
99.31500509117838
44.317789291882555
98.58376511226253
98.03411860276198
93.63905325443787
67.20389090215525
99.38012588212855
96.40926640926641
96.27906976744185
92.45769263808951
99.94174191669094
34.64084740152268
99.93379675604105
97.42672119972734
94.46254071661238
97.13681783243659
99.66287399915718
46.599777034559644
98.27998088867655
98.95387541607228
98.68441064638783
97.60780610638967
76.38640429338103
96.50077760497668
92.32927970065482
98.10229113631104
41.7577329135025
97.28653454343397
50.44953003677973
95.4842664487127
98.78447872837775
95.71474773609314
97.0758876769552
0.059880239520958084
98.34291974801424
99.68409968409968
51.350390902629705
99.94669509594883
97.48174638652958
82.68251273344652
97.11111111111111
0.0020742584526031943
21.779713752333542
99.9377722464219
0.0018171906232963837
15.518807922951117
28.02107941123024
41.540977648555334
64.61929856441941
99.78193712520444
32.743738502900804
98.91042875336069
47.562601866943254
60.2015113350126
99.9703659801452
20.292397660818715
96.99820788530467
51.46800501882058
46.25474628926476
97.53192958232654
62.85566476978789
78.4362395283897
96.52497672975488
47.18984718984719
97.74669774669775
37.33028803451339
82.92094911813221
99.94924501966756
71.87277474483741
31.61596336277396
43.915603532875366
98.8060189728492
98.93668438859352
49.716687991226465
99.87205264119905
39.46878700727457
74.87734731855862
95.82135002537642
0.021691973969631236
99.34924078091106
49.357218124341415
43.869346733668344
51.39171758316361
98.7327449649242
50.20006155740228
99.90766389658357
98.93754486719311
49.78479196556671
99.03873744619798
49.16833000665336
97.90419161676647
49.183673469387756
96.72945559925482
88.00386971944533
99.9032570138665
41.39153556392643
99.75625969421671
19.938107869142353
96.24226348364279
60.880829015544045
97.84110535405873
99.7090203685742
45.60715064312187
99.84739481142358
98.17912058268142
51.037509976057464
98.24421388667199
36.34642688121155
98.58021769995267
57.54204398447607
97.4385510996119
28.52426543413668
93.43017497523935
62.913907284768214
97.23058398555088
99.09560723514213
0.05102040816326531
57.34369219385867
95.46183253175484
99.91367616228881
35.53108447170337
45.595204906607194
99.90242542514636
99.86268451767937
0.00801924619085806
55.43650793650794
99.82142857142857
0.0012663036596175764
2.684563758389262
35.51981765227301
68.83626693681144
98.04989236418893
33.032139997712456
97.99839871897518
99.88002399520096
0.013605442176870748
97.14285714285714
35.413153456998316
98.91592387376535
63.01819266328661
99.94035192365047
0.0016162922256343947
24.066591239696137
40.44542205114105
57.27247731646962
0.001397233477714126
59.466256811513205
96.78636300125751
0.013440860215053764
0.007380073800738007
34.794520547945204
0.06666666666666667
93.12602291325696
0.0008861320336730173
53.64643331856447
91.73238812583075
26.339509263895845
97.35853780671006
44.886062533121354
99.80568804098216
71.70718307924736
97.23939019365471
0.002028809089064719
8.784743355650233
35.44329478596064
97.72773382024751
96.78035470668486
59.101711026615966
97.31463878326996
0.030303030303030304
0.0025157232704402514
97.48427672955975