18.0
12.99
19.02
6.99
19.98
4.02
39.0
14.01
26.01
13.02
11.94
12.99
9.99
3.03
36.81
15.0
13.02
45.0
36.99
16.35
23.01
225.99
31.98
118.98
112.95
245.01
36.99
36.99
217.05
103.02
11.01
42.0
200.97
152.01
6.96
24.0
117.0
5.94
5.01
115.98
39.0
84.99
29.01
180.99
123.03
6.96
11.01
310.98
208.98
24.99
70.02
88.98
138.0
4.02
11.43
54.0
114.03
24.0
25.05
33.99
107.01
125.01
9.0
33.0
87.99
111.99
22.98
57.0
3.99
12.0
9.99
64.98
20.97
3.03
4.02
175.98
12.96
9.0
542.01
162.96
3.0
6.99
111.03
57.0
76.02
127.98
49.98
81.96
235.02
7.02
153.03
7.02
13.98
9.96
26.97
11.01
7.05
10.98
65.97
61.02
12.93
5.01
59.76
39.0
11.01
44.88
15.0
41.01
102.0
154.98
1.98
204.99
21.99
72.0
73.02
62.01
137.04
26.01
5.01
15.99
15.03
70.98
103.14
48.0
24.03
91.02
61.65
13.98
124.98
95.01
12.03
14.97
46.02
29.04
187.02
10.02
187.02
48.99
105.12
10.02
225.99
21.81
50.01
90.0
23.01
390.99
83.97
108.99
20.94
21.0
42.99
189.99
252.99
23.01
9.99
68.04
148.98
6.0
48.0
45.0
8.01
83.79
60.0
84.99
49.98
2.01
61.71
63.03
62.01
37.98
41.01
65.01
25.02
138.0
87.0
97.98
83.01
12.99
48.0
95.01
108.0
349.98
15.99
5.04
56.01
4.05
45.99
106.98
46.98
46.98
31.98
7.02
72.99
160.02
33.99
315.0
147.0
15.0
28.38
129.99
12.0
76.98
145.98
16.98
30.03
87.0
135.99
319.98
16.98
119.01
131.04
62.04
23.01
39.03
19.98
19.98
152.01
54.99
51.99
68.01
10.89
13.14
117.0
18.96
63.99
30.99
108.03
23.04
108.03
10.02
84.99
48.99
3.96
66.99
25.98
11.01
91.02
70.02
69.03
27.0
62.97
123.99
172.98
18.99
90.96
54.99
22.98
30.99
208.98
68.01
105.03
31.05
15.96
18.96
103.02
251.01
38.97
13.98
94.02
101.13
8.97
191.01
207.03
145.2
99.99
63.03
19.17
5.01
124.98
57.0
183.0
10.98
14.97
129.99
42.99
95.01
74.04
33.0
51.99
124.98
56.01
25.83
98.01
107.97
75.0
30.0
140.04
13.02
14.01
160.98
55.98
77.94
42.0
8.01
44.01
27.0
17.01
5.97
157.02
23.94
43.05
113.01
206.97
90.03
8.97
201.99
57.0
76.02
69.03
6.99
78.03
25.02
38.01
78.0
15.99
82.95
73.02
122.01
23.01
87.0
20.01
36.0
57.06
117.99
100.02
91.02
148.98
59.97
10.02
75.03
226.98
16.95
6.0
122.01
24.99
81.99
28.02
26.91
231.0
37.02
3.99
136.98
54.99
1.98
66.0
18.99
187.02
23.01
70.02
7.98
274.02
72.99
117.03
16.02
14.01
21.99
205.95
49.98
81.99
31.02
38.88
140.01
79.02
181.02
44.01
42.0
39.0
92.01
24.0
9.96
180.78
298.02
74.01
59.97
105.99
23.01
178.02
25.92
143.01
167.97
174.99
175.98
15.0
111.0
140.01
263.01
30.96
20.1
84.0
26.04
14.01
150.96
45.96
16.05
3.96
10.98
165.99
54.03
145.02
7.98
92.97
69.99
23.01
11.01
75.96
10.98
119.49
10.98
15.0
25.02
76.98
19.47
117.96
18.0
108.99
54.03
188.04
45.99
36.0
161.01
60.0
63.96
9.99
229.98
4.98
27.0
87.0
13.02
72.03
14.97
34.98
52.02
18.93
136.98
34.8
210.99
29.04
97.02
54.0
3.0
12.0
24.99
15.0
12.0
155.97
16.95
139.98
9.99
103.02
86.94
178.83
229.02
33.99
38.97
9.0
60.0
44.01
22.5
17.01
29.97
59.97
14.97
54.06
69.0
70.08
83.01
93.0
35.01
149.04
60.99
205.98
15.0
38.01
18.99
30.51
104.01
25.02
79.02
158.01
8.13
2.16
16.98
14.04
25.02
39.03
64.26
24.99
17.01
35.01
158.13
5.97
76.02
93.0
3.03
6.0
154.89
78.99
45.0
33.0
19.98
39.03
84.0
17.01
78.45
255.0
14.01
10.02
3.0
12.96
78.0
50.97
27.99
5.01
124.02
16.98
35.01
130.98
63.0
31.98
46.98
51.0
3.0
50.01
39.03
108.03
20.97
2.88
22.02
5.82
274.02
146.01
132.39
188.01
4.98
14.04
13.02
756.03
62.01
197.97
32.97
34.98
39.99
9.0
207.0
12.99
145.98
214.02
107.01
9.99
25.98
34.02
13.02
49.98
3.0
21.0
153.99
100.98
54.99
105.03
12.0
12.99
69.0
78.99
16.98
13.98
34.56
47.01
69.99
44.73
9.99
205.98
14.97
13.02
18.42
3.99
2.13
237.99
73.98
192.99
129.03
7.29
24.03
148.83
140.01
117.0
74.97
14.01
117.03
114.93
10.89
79.02
48.0
177.99
94.02
31.98
16.62
59.01
41.01
93.0
19.98
45.96
406.05
300.03
32.01
45.99
107.01
31.02
137.01
21.0
99.0
7.98
11.82
34.35
231.0
26.01
2.01
105.96
671.01
83.07
249.0
168.99
101.16
27.99
27.0
51.99
58.95
46.62
68.97
60.21
167.85
11.97
18.84
21.0
40.02
75.0
61.02
18.0
7.98
17.01
99.99
232.95
88.02
6.99
153.93
1.02
165.0
69.0
104.01
11.97
60.0
39.99
89.19
21.0
9.99
26.97
26.01
11.01
104.58
60.99
120.99
12.96
77.01
6.0
4.98
11.01
75.0
54.96
5.97
152.25
1.98
112.98
105.0
108.0
26.79
276.03
30.0
7.98
58.02
78.99
129.03
101.01
6.99
24.03
8.04
14.01
15.03
17.01
21.99
31.02
33.0
129.99
9.99
61.98
20.01
41.01
246.0
63.99
8.01
204.03
24.99
45.96
138.0
210.99
18.81
2.01
111.99
21.0
9.03
52.98
27.03
114.0
402.03
42.99
135.33
11.97
96.03
101.01
64.32
94.98
186.99
7.02
10.98
49.02
11.01
32.01
96.0
31.02
142.02
16.98
19.02
81.0
218.94
68.01
8.01
33.0
20.04
28.98
445.98
153.99
102.0
51.0
75.99
114.0
12.0
44.01
243.96
353.04
24.99
48.03
12.99
81.0
36.99
297.99
162.99
48.99
52.02
54.99
34.02
25.02
275.04
21.03
11.01
51.03
10.05
123.03
222.99
47.64
42.93
159.42
149.01
170.01
33.96
106.02
123.96
144.06
24.06
223.05
10.02
52.32
70.95
44.97
38.97
225.0
66.99
8.01
378.03
56.34
29.97
45.0
23.01
148.02
67.59
77.01
8.01
3.0
14.01
11.97
15.99
12.99
15.96
49.02
66.0
54.06
41.01
83.94
57.0
95.01
405.99
52.98
53.97
46.05
13.02
26.7
32.01
99.99
9.03
190.98
36.03
26.01
84.0
89.01
33.0
52.02
354.96
4.02
15.99
29.01
9.99
10.98
51.0
57.0
65.01
11.01
61.05
141.99
90.99
12.87
78.99
124.02
19.02
6.0
54.99
24.0
63.96
3.99
109.68
85.98
25.02
30.0
22.98
23.97
178.98
96.03
167.04
33.0
101.01
80.04
80.01
261.96
17.04
17.97
9.0
71.97
14.01
85.98
8.97
166.95
24.0
10.32
28.98
13.17
34.02
42.0
12.99
73.02
14.01
6.0
47.13
55.95
62.04
27.03
76.05
4.02
16.02
28.02
57.99
150.03
18.0
60.03
26.04
174.03
34.98
30.03
12.66
215.01
14.01
34.02
13.02
12.99
33.96
7.98
3.99
40.62
32.04
3.0
6.0
13.98
16.71
27.0
42.03
18.99
18.0
11.01
23.01
4.71
58.74
13.5
48.0
156.0
78.99
170.01
18.99
42.0
93.0
56.01
183.84
66.0
191.01
3.0
153.36
288.0
65.61
158.01
52.95
121.98
59.01
27.15
110.01
45.99
8.97
21.0
86.01
37.02
93.96
38.97
11.04
2.01
27.0
12.0
19.02
61.98
50.01
3.0
18.39
150.99
24.0
30.36
129.0
54.99
84.0
93.96
9.0
51.99
108.15
85.02
35.97
53.01
133.05
24.0
44.01
197.01
25.02
12.42
110.01
61.17
70.02
40.98
10.98
7.05
21.87
15.75
167.04
129.03
117.96
19.02
96.99
61.02
65.01
58.98
2.01
63.96
317.4
257.85
64.98
25.02
156.99
30.69
64.02
92.97
76.05
60.0
137.97
15.0
3.99
28.53
53.04
138.09
80.97
330.0
119.01
9.99
153.99
73.02
30.12
89.97
8.01
20.91
310.05
9.03
161.16
192.48
102.84
141.99
17.01
70.98
192.99
100.98
144.03
51.0
79.08
15.99
220.98
88.02
94.98
98.01
98.97
8.01
19.02
66.03
57.99
63.06
23.01
30.0
163.05
24.99
59.01
37.98
44.01
41.01
111.0
33.0
68.01
39.0
63.96
29.01
57.0
141.99
84.84
22.98
9.0
24.0
96.03
29.01
5.01
90.03
19.02
15.03
126.0
36.99
225.03
138.0
65.04
37.02
34.95
102.03
54.0
30.0
76.02
18.0
108.99
17.01
191.04
21.99
281.88
12.0
36.84
225.0
24.0
34.02
39.96
3.0
12.99
15.0
18.0
72.0
28.02
171.0
22.98
40.02
20.97
129.99
179.01
4.98
15.0
42.96
207.0
95.64
261.96
147.54
64.98
37.98
20.97
13.98
88.02
18.0
81.03
233.97
14.43
16.35
10.38
72.99
25.98
123.0
26.01
7.02
79.02
159.99
188.97
231.96
114.0
24.0
57.42
7.5
152.49
42.0
24.03
87.93
16.98
228.3
26.76
92.01
58.29
25.98
153.99
17.07
80.01
93.99
91.02
31.02
14.04
24.99
7.02
81.99
3.0
290.01
24.0
71.01
65.01
223.77
199.98
132.0
102.0
91.95
34.95
15.0
31.02
126.69
45.96
23.01
18.99
98.61
83.97
17.73
34.02
126.0
12.0
10.98
6.99
43.35
53.04
54.0
158.4
3.93
57.96
120.99
139.02
237.99
35.01
18.03
26.01
112.02
94.62
55.95
123.99
98.97
42.0
36.0
9.99
88.02
37.98
66.06
246.0
9.99
111.54
270.99
21.99
105.99
93.0
15.99
95.01
122.01
15.99
17.01
6.27
21.33
68.97
231.69
47.1
18.03
23.01
12.99
10.02
64.98
70.98
62.01
239.01
16.02
10.98
6.99
16.02
114.0
177.99
58.02
43.35
25.98
147.0
85.02
10.95
45.03
22.95
45.96
22.02
104.49
93.0
122.01
145.98
8.01
117.0
8.01
4.53
20.67
30.99
126.0
4.98
96.78
31.02
21.0
136.98
103.02
87.99
66.9
129.0
46.98
15.99
18.99
34.02
18.99
16.47
117.99
31.98
219.99
72.54
98.01
135.09
55.95
18.9
68.01
55.98
3.0
44.97
73.98
72.0
21.0
120.36
29.01
79.02
7.98
44.97
244.98
49.74
47.04
26.1
93.0
12.0
51.99
27.45
57.0
37.02
44.01
66.0
17.82
39.99
18.99
290.22
48.0
125.04
98.01
97.02
168.12
303.66
11.01
4.02
29.97
38.01
56.01
96.0
87.99
86.01
30.06
12.0
95.01
78.99
36.24
22.11
378.0
69.99
60.87
33.99
130.95
33.96
150.99
26.07
210.0
23.64
386.01
90.0
60.99
26.46
51.96
96.99
137.01
203.01
45.03
100.68
69.93
102.15
112.02
24.0
116.01
246.0
9.03
352.98
144.0
36.99
118.02
38.97
14.01
50.01
16.02
167.01
52.98
15.0
22.05
29.01
104.04
122.01
9.0
250.02
34.95
6.0
9.99
70.02
88.02
69.99
132.03
74.94
72.0
235.02
44.97
136.17
58.05
46.05
66.03
21.0
294.99
1.95
21.99
131.01
114.99
21.06
6.09
58.05
34.98
239.04
181.86
16.98
31.02
14.01
48.99
53.01
33.99
51.99
175.98
23.01
13.98
28.86
254.97
307.08
8.01
15.0
12.0
16.02
21.99
33.99
37.56
18.06
50.01
102.03
39.99
131.01
29.04
185.97
27.03
47.01
84.0
54.51
29.97
46.02
114.09
124.95
63.0
7.98
48.03
189.99
78.0
15.03
18.0
9.0
15.0
335.46
238.98
39.0
60.0
177.0
94.02
24.0
60.0
135.0
324.99
13.47
15.0
59.61
80.01
97.02
11.97
163.02
123.0
117.0
16.98
173.28
168.99
36.03
36.99
46.02
22.23
18.93
24.0
159.99
117.99
19.98
78.99
201.99
17.01
13.02
38.01
138.0
32.97
166.05
3.9
112.02
96.96
14.01
64.98
53.55
76.05
143.97
78.0
188.01
109.02
28.44
123.0
10.02
19.98
46.02
111.03
24.99
45.45
83.97
3.03
279.96
30.03
33.99
5.01
108.0
25.02
132.03
150.0
125.01
356.97
136.02
64.98
183.0
42.0
246.69
117.99
146.01
47.97
33.99
13.17
8.01
72.99
60.15
120.0
120.03
157.86
75.33
34.02
33.0
216.18
105.81
32.04
150.39
260.04
94.98
69.66
78.0
30.0
156.99
280.08
59.97
9.69
24.99
40.98
76.98
14.01
38.94
57.03
284.97
5.01
187.02
132.03
15.0
5.01
7.98
161.97
155.97
11.37
207.99
18.0
55.65
33.03
3.99
24.03
223.98
332.01
9.0
423.0
21.0
30.99
114.0
21.0
138.0
147.0
314.01
109.98
49.98
3.03
72.99
434.94
163.32
73.98
402.03
167.01
236.97
19.95
252.78
74.19
15.03
40.02
24.0
41.01
81.0
202.05
530.04
6.96
133.02
144.99
40.98
466.05
45.42
198.99
149.01
158.01
499.98
144.6
18.99
27.99
58.02
34.02
183.03
27.0
445.05
15.99
64.02
38.01
17.01
221.97
19.02
521.04
14.01
194.31
27.99
11.97
152.04
142.98
36.0
54.99
22.02
891.0
154.74
55.53
143.94
243.0
5.28
191.01
50.01
187.05
42.99
15.0
287.01
30.99
149.04
138.99
159.0
20.01
21.03
27.99
5.01
295.89
2.97
188.97
24.99
20.31
10.74
48.0
3.0
191.37
19.02
12.0
22.02
32.01
41.01
24.0
3.0
82.44
44.97
21.0
29.01
18.99
24.99
5.97
25.95
28.71
16.89
46.98
5.01
23.01
27.99
48.03
54.99
18.0
23.88
106.02
14.01
211.98
35.01
77.43
45.0
161.01
279.96
8.04
19.02
9.0
12.03
293.01
82.59
193.98
20.01
66.0
237.99
32.01
6.96
51.0
25.98
101.91
15.06
12.51
366.0
12.99
207.6
213.99
15.03
15.99
40.02
73.02
14.01
162.0
132.0
11.01
16.95
26.97
7.02
21.99
33.33
76.98
12.06
71.01
238.05
24.0
3.0
211.02
189.0
66.99
16.86
98.61
208.98
124.98
48.0
19.89
18.96
80.52
211.98
82.98
241.02
16.98
78.99
25.98
48.0
183.99
16.98
3.99
137.4
96.99
92.01
54.99
55.98
341.01
69.0
83.01
47.43
83.79
9.96
56.97
92.13
149.97
25.74
84.12
58.08
14.91
225.63
12.03
16.02
16.95
399.0
93.99
15.99
64.02
127.02
92.01
15.96
84.0
75.99
84.12
3.06
6.0
100.08
24.99
59.13
15.99
14.04
98.97
31.02
149.01
48.99
194.43
135.99
3.06
376.98
63.99
29.01
17.01
109.29
47.94
16.23
10.98
37.47
26.01
24.0
5.04
4.98
145.98
20.01
146.01
6.0
22.08
3.0
18.27
12.99
175.59
71.01
20.97
5.01
188.16
60.03
21.0
32.97
14.43
93.96
341.01
8.01
8.04
457.98
14.01
45.45
14.01
101.01
137.01
134.01
49.98
9.99
6.99
238.02
213.03
79.02
23.97
117.99
102.99
54.0
56.01
131.07
359.01
6.99
9.99
194.97
11.13
15.54
295.95
31.02
12.99
483.99
28.02
29.28
15.0
6.0
455.97
3.03
262.02
57.0
241.98
34.02
96.99
25.02
26.01
146.7
3.03
7.98
234.03
13.95
5.01
121.53
23.46
450.96
411.0
150.99
70.02
147.0
94.02
13.98
103.98
22.02
38.01
15.0
32.01
30.0
43.05
98.79
182.76
99.51
423.0
20.07
3.03
174.96
20.97
157.2
159.54
52.98
36.03
33.93
12.15
42.36
139.98
324.0
100.02
117.99
18.03
11.01
15.96
103.98
420.96
36.06
148.98
24.99
129.0
20.01
93.0
13.02
11.01
42.99
167.94
292.98
113.01
28.65
69.99
33.99
33.99
81.0
5.01
147.03
17.64
22.98
215.01
12.03
153.99
150.99
9.63
330.0
16.02
103.23
258.03
29.01
7.98
300.99
34.95
81.06
49.98
198.12
22.92
8.01
6.03
151.98
33.99
44.01
43.98
110.01
21.0
137.01
178.02
19.02
114.99
9.0
6.87
86.97
37.98
295.53
427.02
65.01
17.01
93.15
80.01
10.98
77.01
47.88
327.99
52.98
120.0
5.01
76.02
4.86
132.99
32.01
86.28
19.98
51.99
82.02
74.97
12.0
49.68
143.01
14.97
29.91
110.01
36.99
113.01
22.65
37.38
96.0
180.03
41.46
313.05
282.0
6.0
10.02
36.03
3.99
336.0
26.01
23.01
164.34
30.81
31.02
31.98
74.91
15.99
65.01
126.0
26.04
370.95
5.97
28.02
21.96
7.65
9.96
153.93
19.98
17.07
45.0
11.01
188.04
23.01
11.97
126.0
11.97
3.0
26.01
22.02
32.97
215.01
78.99